Selection	View	Channel	Begin Time (s)	End Time (s)	Low Freq (Hz)	High Freq (Hz)	Delta Time (s)	Inband Power (dB FS)	SNR NIST Quick (dB FS)	Sound Type
1	Spectrogram 1	1	2509.750000000	2509.982349352	0.000	8000.000	0.2323	-30.20	20.44	Phaser
2	Spectrogram 1	1	2512.791664249	2514.819440415	0.000	8000.000	2.0278	-28.23	21.70	Upsweep
3	Spectrogram 1	1	2516.783848576	2518.925320689	0.000	8000.000	2.1415	-28.45	21.67	Downsweep
4	Spectrogram 1	1	2521.811043659	2523.881065159	0.000	8000.000	2.0700	-28.35	21.61	
5	Spectrogram 1	1	2525.763874169	2527.876141009	0.000	8000.000	2.1123	-28.51	21.92	
6	Spectrogram 1	1	2530.769946579	2532.861090749	0.000	8000.000	2.0911	-28.39	22.04	
7	Spectrogram 1	1	2534.804376239	2536.916643079	0.000	8000.000	2.1123	-28.42	21.03	
8	Spectrogram 1	1	2538.807121899	2539.060593919	0.000	8000.000	0.2535	-30.49	21.11	
9	Spectrogram 1	1	2548.136218779	2552.624901599	580.000	1080.800	4.4887	-26.51	24.68	
10	Spectrogram 1	1	2563.532931729	2565.068338949	143.400	470.100	1.5354	-46.94	11.81	
11	Spectrogram 1	1	2566.093701289	2567.124317089	159.300	709.100	1.0306	-40.27	11.43	
12	Spectrogram 1	1	2552.669519279	2559.466279029	580.000	1526.500	6.7968	-28.80	23.53	
13	Spectrogram 1	1	2568.368806709	2569.142179809	326.700	756.900	0.7734	-28.12	18.74	
14	Spectrogram 1	1	2570.495582729	2571.477171669	294.800	669.300	0.9816	-38.62	12.54	
15	Spectrogram 1	1	2573.023917869	2573.841908649	318.700	693.200	0.8180	-35.10	15.43	
16	Spectrogram 1	1	2575.539821669	2576.342939889	278.900	605.500	0.8031	-42.19	11.35	
17	Spectrogram 1	1	2578.335862879	2579.198471339	294.800	701.100	0.8626	-34.89	14.89	
18	Spectrogram 1	1	2581.139773909	2582.255215879	255.000	669.300	1.1154	-43.40	10.97	
19	Spectrogram 1	1	2584.203521189	2585.527178999	159.300	390.400	1.3237	-48.91	10.75	
20	Spectrogram 1	1	2587.755782179	2589.094312549	127.500	398.400	1.3385	-49.17	11.01	
21	Spectrogram 1	1	2591.272002369	2592.818748569	127.500	398.400	1.5467	-48.61	11.94	
22	Spectrogram 1	1	2615.083321659	2622.276599259	589.600	1381.600	7.1933	-31.46	15.36	
23	Spectrogram 1	1	2622.444863059	2627.114183659	748.900	1593.500	4.6693	-26.06	21.51	
24	Spectrogram 1	1	2627.501441759	2630.509157259	358.500	900.300	3.0077	-38.08	12.34	
25	Spectrogram 1	1	2633.224084680	2634.065403680	661.334	980.034	0.8413	-36.51	16.94	
26	Spectrogram 1	1	2635.166343418	2635.944563518	605.247	1043.447	0.7782	-28.31	20.56	
27	Spectrogram 1	1	2637.074265080	2637.726287380	609.870	1024.170	0.6520	-28.51	20.14	
28	Spectrogram 1	1	2638.779585914	2639.578839014	786.238	1096.938	0.7993	-34.40	17.85	
29	Spectrogram 1	1	2640.801035257	2641.642354357	736.526	1007.426	0.8413	-31.36	22.75	
30	Spectrogram 1	1	2644.667389459	2645.550774359	23.900	255.000	0.8834	-48.18	13.30	
31	Spectrogram 1	1	2647.212379459	2647.990599559	47.800	247.000	0.7782	-50.64	12.57	
32	Spectrogram 1	1	2649.547039759	2650.535589559	39.800	239.000	0.9885	-49.27	12.58	
33	Spectrogram 1	1	2652.092029759	2653.080579659	31.900	247.000	0.9885	-48.83	13.10	
34	Spectrogram 1	1	2654.549673559	2655.454091559	31.900	207.200	0.9044	-48.48	14.76	
35	Spectrogram 1	1	2659.219000000	2659.451349352	0.000	8000.000	0.2323	-30.31	20.98	Phaser
36	Spectrogram 1	1	2662.260664249	2664.288440415	0.000	8000.000	2.0278	-28.44	20.65	Upsweep
37	Spectrogram 1	1	2666.252848576	2668.394320689	0.000	8000.000	2.1415	-28.46	21.46	Downsweep
38	Spectrogram 1	1	2671.280043659	2673.350065159	0.000	8000.000	2.0700	-28.58	21.10	
39	Spectrogram 1	1	2675.232874169	2677.345141009	0.000	8000.000	2.1123	-28.35	21.03	
40	Spectrogram 1	1	2680.238946579	2682.330090749	0.000	8000.000	2.0911	-28.54	20.94	
41	Spectrogram 1	1	2684.273376239	2686.385643079	0.000	8000.000	2.1123	-28.38	20.57	
42	Spectrogram 1	1	2688.276121899	2688.529593919	0.000	8000.000	0.2535	-30.78	21.21	
43	Spectrogram 1	1	2697.605218779	2702.093901599	580.000	1080.800	4.4887	-26.45	24.05	
44	Spectrogram 1	1	2713.001931729	2714.537338949	143.400	470.100	1.5354	-47.23	12.03	
45	Spectrogram 1	1	2715.562701289	2716.593317089	159.300	709.100	1.0306	-41.18	11.60	
46	Spectrogram 1	1	2702.138519279	2708.935279029	580.000	1526.500	6.7968	-28.87	23.68	
47	Spectrogram 1	1	2717.837806709	2718.611179809	326.700	756.900	0.7734	-27.69	19.13	
48	Spectrogram 1	1	2719.964582729	2720.946171669	294.800	669.300	0.9816	-38.44	12.36	
49	Spectrogram 1	1	2722.492917869	2723.310908649	318.700	693.200	0.8180	-35.24	15.18	
50	Spectrogram 1	1	2725.008821669	2725.811939889	278.900	605.500	0.8031	-41.91	12.24	
51	Spectrogram 1	1	2727.804862879	2728.667471339	294.800	701.100	0.8626	-34.95	15.36	
52	Spectrogram 1	1	2730.608773909	2731.724215879	255.000	669.300	1.1154	-43.48	11.95	
53	Spectrogram 1	1	2733.672521189	2734.996178999	159.300	390.400	1.3237	-48.74	11.58	
54	Spectrogram 1	1	2737.224782179	2738.563312549	127.500	398.400	1.3385	-48.86	12.33	
55	Spectrogram 1	1	2740.741002369	2742.287748569	127.500	398.400	1.5467	-48.95	11.08	
56	Spectrogram 1	1	2764.552321659	2771.745599259	589.600	1381.600	7.1933	-31.22	16.52	
57	Spectrogram 1	1	2771.913863059	2776.583183659	748.900	1593.500	4.6693	-26.03	21.61	
58	Spectrogram 1	1	2776.970441759	2779.978157259	358.500	900.300	3.0077	-38.35	13.04	
59	Spectrogram 1	1	2782.693084680	2783.534403680	661.334	980.034	0.8413	-36.73	16.39	
60	Spectrogram 1	1	2784.635343418	2785.413563518	605.247	1043.447	0.7782	-28.88	19.23	
61	Spectrogram 1	1	2786.543265080	2787.195287380	609.870	1024.170	0.6520	-28.98	20.88	
62	Spectrogram 1	1	2788.248585914	2789.047839014	786.238	1096.938	0.7993	-34.49	19.79	
63	Spectrogram 1	1	2790.270035257	2791.111354357	736.526	1007.426	0.8413	-31.80	22.28	
64	Spectrogram 1	1	2794.136389459	2795.019774359	23.900	255.000	0.8834	-48.11	12.92	
65	Spectrogram 1	1	2796.681379459	2797.459599559	47.800	247.000	0.7782	-49.71	12.38	
66	Spectrogram 1	1	2799.016039759	2800.004589559	39.800	239.000	0.9885	-49.55	12.77	
67	Spectrogram 1	1	2801.561029759	2802.549579659	31.900	247.000	0.9885	-48.10	14.09	
68	Spectrogram 1	1	2804.018673559	2804.923091559	31.900	207.200	0.9044	-48.65	14.67	
69	Spectrogram 1	1	2808.650000000	2808.882349352	0.000	8000.000	0.2323	-30.42	21.74	Phaser
70	Spectrogram 1	1	2811.691664249	2813.719440415	0.000	8000.000	2.0278	-28.23	20.74	Upsweep
71	Spectrogram 1	1	2815.683848576	2817.825320689	0.000	8000.000	2.1415	-28.32	21.43	Downsweep
72	Spectrogram 1	1	2820.711043659	2822.781065159	0.000	8000.000	2.0700	-28.45	21.25	
73	Spectrogram 1	1	2824.663874169	2826.776141009	0.000	8000.000	2.1123	-28.46	20.77	
74	Spectrogram 1	1	2829.669946579	2831.761090749	0.000	8000.000	2.0911	-28.51	20.77	
75	Spectrogram 1	1	2833.704376239	2835.816643079	0.000	8000.000	2.1123	-28.55	20.42	
76	Spectrogram 1	1	2837.707121899	2837.960593919	0.000	8000.000	0.2535	-30.70	20.55	
77	Spectrogram 1	1	2847.036218779	2851.524901599	580.000	1080.800	4.4887	-26.66	24.40	
78	Spectrogram 1	1	2862.432931729	2863.968338949	143.400	470.100	1.5354	-47.44	11.50	
79	Spectrogram 1	1	2864.993701289	2866.024317089	159.300	709.100	1.0306	-40.32	12.88	
80	Spectrogram 1	1	2851.569519279	2858.366279029	580.000	1526.500	6.7968	-28.83	23.43	
81	Spectrogram 1	1	2867.268806709	2868.042179809	326.700	756.900	0.7734	-28.24	17.38	
82	Spectrogram 1	1	2869.395582729	2870.377171669	294.800	669.300	0.9816	-38.82	11.38	
83	Spectrogram 1	1	2871.923917869	2872.741908649	318.700	693.200	0.8180	-35.40	14.76	
84	Spectrogram 1	1	2874.439821669	2875.242939889	278.900	605.500	0.8031	-41.81	12.01	
85	Spectrogram 1	1	2877.235862879	2878.098471339	294.800	701.100	0.8626	-34.43	15.14	
86	Spectrogram 1	1	2880.039773909	2881.155215879	255.000	669.300	1.1154	-43.45	11.84	
87	Spectrogram 1	1	2883.103521189	2884.427178999	159.300	390.400	1.3237	-48.53	11.45	
88	Spectrogram 1	1	2886.655782179	2887.994312549	127.500	398.400	1.3385	-48.65	11.53	
89	Spectrogram 1	1	2890.172002369	2891.718748569	127.500	398.400	1.5467	-48.17	11.77	
90	Spectrogram 1	1	2913.983321659	2921.176599259	589.600	1381.600	7.1933	-31.29	16.38	
91	Spectrogram 1	1	2921.344863059	2926.014183659	748.900	1593.500	4.6693	-26.13	20.99	
92	Spectrogram 1	1	2926.401441759	2929.409157259	358.500	900.300	3.0077	-38.17	12.99	
93	Spectrogram 1	1	2932.124084680	2932.965403680	661.334	980.034	0.8413	-36.41	16.95	
94	Spectrogram 1	1	2934.066343418	2934.844563518	605.247	1043.447	0.7782	-28.38	19.42	
95	Spectrogram 1	1	2935.974265080	2936.626287380	609.870	1024.170	0.6520	-28.58	21.41	
96	Spectrogram 1	1	2937.679585914	2938.478839014	786.238	1096.938	0.7993	-34.66	19.68	
97	Spectrogram 1	1	2939.701035257	2940.542354357	736.526	1007.426	0.8413	-31.52	22.73	
98	Spectrogram 1	1	2943.567389459	2944.450774359	23.900	255.000	0.8834	-47.54	13.41	
99	Spectrogram 1	1	2946.112379459	2946.890599559	47.800	247.000	0.7782	-49.09	13.29	
100	Spectrogram 1	1	2948.447039759	2949.435589559	39.800	239.000	0.9885	-48.67	13.35	
101	Spectrogram 1	1	2950.992029759	2951.980579659	31.900	247.000	0.9885	-48.31	12.07	
102	Spectrogram 1	1	2953.449673559	2954.354091559	31.900	207.200	0.9044	-48.79	12.45	
