Selection	View	Channel	Begin Time (s)	End Time (s)	Low Freq (Hz)	High Freq (Hz)	Delta Time (s)	Inband Power (dB FS)	SNR NIST Quick (dB FS)	Sound Type
1	Spectrogram 1	1	1002.300000000	1002.532349352	0.000	8000.000	0.2323	-27.06	15.67	Phaser
2	Spectrogram 1	1	1005.341664249	1007.369440415	0.000	8000.000	2.0278	-25.96	17.48	Upsweep
3	Spectrogram 1	1	1009.333848576	1011.475320689	0.000	8000.000	2.1415	-25.92	17.86	Downsweep
4	Spectrogram 1	1	1014.361043659	1016.431065159	0.000	8000.000	2.0700	-26.16	17.01	
5	Spectrogram 1	1	1018.313874169	1020.426141009	0.000	8000.000	2.1123	-25.88	18.33	
6	Spectrogram 1	1	1023.319946579	1025.411090749	0.000	8000.000	2.0911	-25.91	17.67	
7	Spectrogram 1	1	1027.354376239	1029.466643079	0.000	8000.000	2.1123	-26.13	18.25	
8	Spectrogram 1	1	1031.357121899	1031.610593919	0.000	8000.000	0.2535	-27.15	15.46	
9	Spectrogram 1	1	1040.686218779	1045.174901599	580.000	1080.800	4.4887	-27.46	23.01	
10	Spectrogram 1	1	1056.082931729	1057.618338949	143.400	470.100	1.5354	-47.11	11.54	
11	Spectrogram 1	1	1058.643701289	1059.674317089	159.300	709.100	1.0306	-39.57	13.06	
12	Spectrogram 1	1	1045.219519279	1052.016279029	580.000	1526.500	6.7968	-30.04	23.75	
13	Spectrogram 1	1	1060.918806709	1061.692179809	326.700	756.900	0.7734	-30.63	16.60	
14	Spectrogram 1	1	1063.045582729	1064.027171669	294.800	669.300	0.9816	-39.22	11.71	
15	Spectrogram 1	1	1065.573917869	1066.391908649	318.700	693.200	0.8180	-36.77	13.80	
16	Spectrogram 1	1	1068.089821669	1068.892939889	278.900	605.500	0.8031	-43.51	12.11	
17	Spectrogram 1	1	1070.885862879	1071.748471339	294.800	701.100	0.8626	-36.57	13.28	
18	Spectrogram 1	1	1073.689773909	1074.805215879	255.000	669.300	1.1154	-43.56	11.66	
19	Spectrogram 1	1	1076.753521189	1078.077178999	159.300	390.400	1.3237	-49.06	12.29	
20	Spectrogram 1	1	1080.305782179	1081.644312549	127.500	398.400	1.3385	-48.80	11.39	
21	Spectrogram 1	1	1083.822002369	1085.368748569	127.500	398.400	1.5467	-49.09	12.78	
22	Spectrogram 1	1	1107.633321659	1114.826599259	589.600	1381.600	7.1933	-32.76	15.02	
23	Spectrogram 1	1	1114.994863059	1119.664183659	748.900	1593.500	4.6693	-28.41	20.20	
24	Spectrogram 1	1	1120.051441759	1123.059157259	358.500	900.300	3.0077	-34.32	12.64	
25	Spectrogram 1	1	1125.774084680	1126.615403680	661.334	980.034	0.8413	-38.20	15.93	
26	Spectrogram 1	1	1127.716343418	1128.494563518	605.247	1043.447	0.7782	-31.31	18.33	
27	Spectrogram 1	1	1129.624265080	1130.276287380	609.870	1024.170	0.6520	-32.00	19.94	
28	Spectrogram 1	1	1131.329585914	1132.128839014	786.238	1096.938	0.7993	-36.06	19.25	
29	Spectrogram 1	1	1133.351035257	1134.192354357	736.526	1007.426	0.8413	-34.15	20.45	
30	Spectrogram 1	1	1137.217389459	1138.100774359	23.900	255.000	0.8834	-49.72	11.89	
31	Spectrogram 1	1	1139.762379459	1140.540599559	47.800	247.000	0.7782	-51.90	10.71	
32	Spectrogram 1	1	1142.097039759	1143.085589559	39.800	239.000	0.9885	-51.66	10.70	
33	Spectrogram 1	1	1144.642029759	1145.630579659	31.900	247.000	0.9885	-49.43	12.11	
34	Spectrogram 1	1	1147.099673559	1148.004091559	31.900	207.200	0.9044	-50.10	11.47	
35	Spectrogram 1	1	1151.769000000	1152.001349352	0.000	8000.000	0.2323	-26.80	16.81	Phaser
36	Spectrogram 1	1	1154.810664249	1156.838440415	0.000	8000.000	2.0278	-26.15	17.12	Upsweep
37	Spectrogram 1	1	1158.802848576	1160.944320689	0.000	8000.000	2.1415	-26.39	17.49	Downsweep
38	Spectrogram 1	1	1163.830043659	1165.900065159	0.000	8000.000	2.0700	-26.44	16.76	
39	Spectrogram 1	1	1167.782874169	1169.895141009	0.000	8000.000	2.1123	-26.58	17.37	
40	Spectrogram 1	1	1172.788946579	1174.880090749	0.000	8000.000	2.0911	-26.14	17.46	
41	Spectrogram 1	1	1176.823376239	1178.935643079	0.000	8000.000	2.1123	-26.17	18.07	
42	Spectrogram 1	1	1180.826121899	1181.079593919	0.000	8000.000	0.2535	-26.81	15.73	
43	Spectrogram 1	1	1190.155218779	1194.643901599	580.000	1080.800	4.4887	-27.48	23.21	
44	Spectrogram 1	1	1205.551931729	1207.087338949	143.400	470.100	1.5354	-47.32	12.28	
45	Spectrogram 1	1	1208.112701289	1209.143317089	159.300	709.100	1.0306	-40.59	12.48	
46	Spectrogram 1	1	1194.688519279	1201.485279029	580.000	1526.500	6.7968	-30.04	23.43	
47	Spectrogram 1	1	1210.387806709	1211.161179809	326.700	756.900	0.7734	-30.76	16.61	
48	Spectrogram 1	1	1212.514582729	1213.496171669	294.800	669.300	0.9816	-38.96	12.31	
49	Spectrogram 1	1	1215.042917869	1215.860908649	318.700	693.200	0.8180	-36.77	13.45	
50	Spectrogram 1	1	1217.558821669	1218.361939889	278.900	605.500	0.8031	-43.44	12.00	
51	Spectrogram 1	1	1220.354862879	1221.217471339	294.800	701.100	0.8626	-36.60	13.89	
52	Spectrogram 1	1	1223.158773909	1224.274215879	255.000	669.300	1.1154	-43.84	11.08	
53	Spectrogram 1	1	1226.222521189	1227.546178999	159.300	390.400	1.3237	-48.94	11.62	
54	Spectrogram 1	1	1229.774782179	1231.113312549	127.500	398.400	1.3385	-49.28	12.18	
55	Spectrogram 1	1	1233.291002369	1234.837748569	127.500	398.400	1.5467	-48.86	12.10	
56	Spectrogram 1	1	1257.102321659	1264.295599259	589.600	1381.600	7.1933	-32.72	15.22	
57	Spectrogram 1	1	1264.463863059	1269.133183659	748.900	1593.500	4.6693	-28.60	20.60	
58	Spectrogram 1	1	1269.520441759	1272.528157259	358.500	900.300	3.0077	-34.14	13.01	
59	Spectrogram 1	1	1275.243084680	1276.084403680	661.334	980.034	0.8413	-37.79	17.87	
60	Spectrogram 1	1	1277.185343418	1277.963563518	605.247	1043.447	0.7782	-31.35	18.76	
61	Spectrogram 1	1	1279.093265080	1279.745287380	609.870	1024.170	0.6520	-31.63	18.65	
62	Spectrogram 1	1	1280.798585914	1281.597839014	786.238	1096.938	0.7993	-36.19	18.84	
63	Spectrogram 1	1	1282.820035257	1283.661354357	736.526	1007.426	0.8413	-34.29	21.48	
64	Spectrogram 1	1	1286.686389459	1287.569774359	23.900	255.000	0.8834	-49.60	11.22	
65	Spectrogram 1	1	1289.231379459	1290.009599559	47.800	247.000	0.7782	-52.55	11.41	
66	Spectrogram 1	1	1291.566039759	1292.554589559	39.800	239.000	0.9885	-51.27	11.60	
67	Spectrogram 1	1	1294.111029759	1295.099579659	31.900	247.000	0.9885	-49.97	11.97	
68	Spectrogram 1	1	1296.568673559	1297.473091559	31.900	207.200	0.9044	-50.23	11.75	
69	Spectrogram 1	1	1301.200000000	1301.432349352	0.000	8000.000	0.2323	-26.70	17.65	Phaser
70	Spectrogram 1	1	1304.241664249	1306.269440415	0.000	8000.000	2.0278	-26.04	17.79	Upsweep
71	Spectrogram 1	1	1308.233848576	1310.375320689	0.000	8000.000	2.1415	-26.26	18.24	Downsweep
72	Spectrogram 1	1	1313.261043659	1315.331065159	0.000	8000.000	2.0700	-26.20	17.40	
73	Spectrogram 1	1	1317.213874169	1319.326141009	0.000	8000.000	2.1123	-26.45	17.94	
74	Spectrogram 1	1	1322.219946579	1324.311090749	0.000	8000.000	2.0911	-26.18	17.39	
75	Spectrogram 1	1	1326.254376239	1328.366643079	0.000	8000.000	2.1123	-26.42	18.16	
76	Spectrogram 1	1	1330.257121899	1330.510593919	0.000	8000.000	0.2535	-27.10	16.76	
77	Spectrogram 1	1	1339.586218779	1344.074901599	580.000	1080.800	4.4887	-27.40	23.12	
78	Spectrogram 1	1	1354.982931729	1356.518338949	143.400	470.100	1.5354	-47.37	11.54	
79	Spectrogram 1	1	1357.543701289	1358.574317089	159.300	709.100	1.0306	-40.67	11.52	
80	Spectrogram 1	1	1344.119519279	1350.916279029	580.000	1526.500	6.7968	-30.03	23.40	
81	Spectrogram 1	1	1359.818806709	1360.592179809	326.700	756.900	0.7734	-30.48	18.03	
82	Spectrogram 1	1	1361.945582729	1362.927171669	294.800	669.300	0.9816	-39.16	11.57	
83	Spectrogram 1	1	1364.473917869	1365.291908649	318.700	693.200	0.8180	-36.80	15.27	
84	Spectrogram 1	1	1366.989821669	1367.792939889	278.900	605.500	0.8031	-43.42	12.35	
85	Spectrogram 1	1	1369.785862879	1370.648471339	294.800	701.100	0.8626	-36.61	14.54	
86	Spectrogram 1	1	1372.589773909	1373.705215879	255.000	669.300	1.1154	-43.73	10.74	
87	Spectrogram 1	1	1375.653521189	1376.977178999	159.300	390.400	1.3237	-49.73	11.82	
88	Spectrogram 1	1	1379.205782179	1380.544312549	127.500	398.400	1.3385	-48.93	12.74	
89	Spectrogram 1	1	1382.722002369	1384.268748569	127.500	398.400	1.5467	-48.91	11.62	
90	Spectrogram 1	1	1406.533321659	1413.726599259	589.600	1381.600	7.1933	-32.74	15.51	
91	Spectrogram 1	1	1413.894863059	1418.564183659	748.900	1593.500	4.6693	-28.46	20.29	
92	Spectrogram 1	1	1418.951441759	1421.959157259	358.500	900.300	3.0077	-34.14	12.74	
93	Spectrogram 1	1	1424.674084680	1425.515403680	661.334	980.034	0.8413	-38.06	17.31	
94	Spectrogram 1	1	1426.616343418	1427.394563518	605.247	1043.447	0.7782	-31.06	20.46	
95	Spectrogram 1	1	1428.524265080	1429.176287380	609.870	1024.170	0.6520	-31.88	20.04	
96	Spectrogram 1	1	1430.229585914	1431.028839014	786.238	1096.938	0.7993	-36.06	19.20	
97	Spectrogram 1	1	1432.251035257	1433.092354357	736.526	1007.426	0.8413	-34.37	21.02	
98	Spectrogram 1	1	1436.117389459	1437.000774359	23.900	255.000	0.8834	-49.54	11.42	
99	Spectrogram 1	1	1438.662379459	1439.440599559	47.800	247.000	0.7782	-51.95	11.99	
100	Spectrogram 1	1	1440.997039759	1441.985589559	39.800	239.000	0.9885	-51.40	12.71	
101	Spectrogram 1	1	1443.542029759	1444.530579659	31.900	247.000	0.9885	-49.86	12.25	
102	Spectrogram 1	1	1445.999673559	1446.904091559	31.900	207.200	0.9044	-49.99	13.01	
