Selection	View	Channel	Begin Time (s)	End Time (s)	Low Freq (Hz)	High Freq (Hz)	Delta Time (s)	Inband Power (dB FS)	SNR NIST Quick (dB FS)	Sound Type
1	Spectrogram 1	1	2509.950000000	2510.182349352	0.000	8000.000	0.2323	-36.47	18.23	Phaser
2	Spectrogram 1	1	2512.991664249	2515.019440415	0.000	8000.000	2.0278	-35.55	20.00	Upsweep
3	Spectrogram 1	1	2516.983848576	2519.125320689	0.000	8000.000	2.1415	-35.66	20.05	Downsweep
4	Spectrogram 1	1	2522.011043659	2524.081065159	0.000	8000.000	2.0700	-35.81	19.33	
5	Spectrogram 1	1	2525.963874169	2528.076141009	0.000	8000.000	2.1123	-35.78	19.69	
6	Spectrogram 1	1	2530.969946579	2533.061090749	0.000	8000.000	2.0911	-35.67	19.66	
7	Spectrogram 1	1	2535.004376239	2537.116643079	0.000	8000.000	2.1123	-35.59	18.99	
8	Spectrogram 1	1	2539.007121899	2539.260593919	0.000	8000.000	0.2535	-36.17	18.69	
9	Spectrogram 1	1	2548.336218779	2552.824901599	580.000	1080.800	4.4887	-42.58	18.72	
10	Spectrogram 1	1	2563.732931729	2565.268338949	143.400	470.100	1.5354	-52.08	10.87	
11	Spectrogram 1	1	2566.293701289	2567.324317089	159.300	709.100	1.0306	-47.63	11.62	
12	Spectrogram 1	1	2552.869519279	2559.666279029	580.000	1526.500	6.7968	-40.22	18.71	
13	Spectrogram 1	1	2568.568806709	2569.342179809	326.700	756.900	0.7734	-47.11	13.99	
14	Spectrogram 1	1	2570.695582729	2571.677171669	294.800	669.300	0.9816	-46.27	11.82	
15	Spectrogram 1	1	2573.223917869	2574.041908649	318.700	693.200	0.8180	-47.69	11.85	
16	Spectrogram 1	1	2575.739821669	2576.542939889	278.900	605.500	0.8031	-48.77	12.39	
17	Spectrogram 1	1	2578.535862879	2579.398471339	294.800	701.100	0.8626	-45.62	12.51	
18	Spectrogram 1	1	2581.339773909	2582.455215879	255.000	669.300	1.1154	-50.79	10.37	
19	Spectrogram 1	1	2584.403521189	2585.727178999	159.300	390.400	1.3237	-54.03	11.19	
20	Spectrogram 1	1	2587.955782179	2589.294312549	127.500	398.400	1.3385	-53.49	12.19	
21	Spectrogram 1	1	2591.472002369	2593.018748569	127.500	398.400	1.5467	-53.17	10.98	
22	Spectrogram 1	1	2615.283321659	2622.476599259	589.600	1381.600	7.1933	-43.24	14.28	
23	Spectrogram 1	1	2622.644863059	2627.314183659	748.900	1593.500	4.6693	-37.33	18.96	
24	Spectrogram 1	1	2627.701441759	2630.709157259	358.500	900.300	3.0077	-48.17	11.99	
25	Spectrogram 1	1	2633.424084680	2634.265403680	661.334	980.034	0.8413	-44.59	14.60	
26	Spectrogram 1	1	2635.366343418	2636.144563518	605.247	1043.447	0.7782	-38.93	16.62	
27	Spectrogram 1	1	2637.274265080	2637.926287380	609.870	1024.170	0.6520	-38.69	18.05	
28	Spectrogram 1	1	2638.979585914	2639.778839014	786.238	1096.938	0.7993	-45.83	16.57	
29	Spectrogram 1	1	2641.001035257	2641.842354357	736.526	1007.426	0.8413	-40.80	20.41	
30	Spectrogram 1	1	2644.867389459	2645.750774359	23.900	255.000	0.8834	-52.38	11.77	
31	Spectrogram 1	1	2647.412379459	2648.190599559	47.800	247.000	0.7782	-54.62	11.35	
32	Spectrogram 1	1	2649.747039759	2650.735589559	39.800	239.000	0.9885	-53.77	11.92	
33	Spectrogram 1	1	2652.292029759	2653.280579659	31.900	247.000	0.9885	-52.27	12.31	
34	Spectrogram 1	1	2654.749673559	2655.654091559	31.900	207.200	0.9044	-52.90	13.41	
35	Spectrogram 1	1	2659.419000000	2659.651349352	0.000	8000.000	0.2323	-36.50	17.07	Phaser
36	Spectrogram 1	1	2662.460664249	2664.488440415	0.000	8000.000	2.0278	-35.39	18.09	Upsweep
37	Spectrogram 1	1	2666.452848576	2668.594320689	0.000	8000.000	2.1415	-35.25	18.86	Downsweep
38	Spectrogram 1	1	2671.480043659	2673.550065159	0.000	8000.000	2.0700	-35.09	19.14	
39	Spectrogram 1	1	2675.432874169	2677.545141009	0.000	8000.000	2.1123	-35.38	19.11	
40	Spectrogram 1	1	2680.438946579	2682.530090749	0.000	8000.000	2.0911	-35.08	19.06	
41	Spectrogram 1	1	2684.473376239	2686.585643079	0.000	8000.000	2.1123	-35.09	18.20	
42	Spectrogram 1	1	2688.476121899	2688.729593919	0.000	8000.000	0.2535	-35.86	19.27	
43	Spectrogram 1	1	2697.805218779	2702.293901599	580.000	1080.800	4.4887	-43.06	18.27	
44	Spectrogram 1	1	2713.201931729	2714.737338949	143.400	470.100	1.5354	-52.39	11.13	
45	Spectrogram 1	1	2715.762701289	2716.793317089	159.300	709.100	1.0306	-47.44	10.92	
46	Spectrogram 1	1	2702.338519279	2709.135279029	580.000	1526.500	6.7968	-40.65	18.80	
47	Spectrogram 1	1	2718.037806709	2718.811179809	326.700	756.900	0.7734	-43.83	14.79	
48	Spectrogram 1	1	2720.164582729	2721.146171669	294.800	669.300	0.9816	-46.15	12.62	
49	Spectrogram 1	1	2722.692917869	2723.510908649	318.700	693.200	0.8180	-48.30	11.98	
50	Spectrogram 1	1	2725.208821669	2726.011939889	278.900	605.500	0.8031	-48.40	11.95	
51	Spectrogram 1	1	2728.004862879	2728.867471339	294.800	701.100	0.8626	-45.64	12.01	
52	Spectrogram 1	1	2730.808773909	2731.924215879	255.000	669.300	1.1154	-51.07	10.87	
53	Spectrogram 1	1	2733.872521189	2735.196178999	159.300	390.400	1.3237	-54.49	10.93	
54	Spectrogram 1	1	2737.424782179	2738.763312549	127.500	398.400	1.3385	-53.87	11.07	
55	Spectrogram 1	1	2740.941002369	2742.487748569	127.500	398.400	1.5467	-54.02	11.00	
56	Spectrogram 1	1	2764.752321659	2771.945599259	589.600	1381.600	7.1933	-41.42	17.49	
57	Spectrogram 1	1	2772.113863059	2776.783183659	748.900	1593.500	4.6693	-37.69	18.61	
58	Spectrogram 1	1	2777.170441759	2780.178157259	358.500	900.300	3.0077	-49.08	11.88	
59	Spectrogram 1	1	2782.893084680	2783.734403680	661.334	980.034	0.8413	-44.42	16.10	
60	Spectrogram 1	1	2784.835343418	2785.613563518	605.247	1043.447	0.7782	-38.91	17.71	
61	Spectrogram 1	1	2786.743265080	2787.395287380	609.870	1024.170	0.6520	-39.43	18.06	
62	Spectrogram 1	1	2788.448585914	2789.247839014	786.238	1096.938	0.7993	-46.27	16.02	
63	Spectrogram 1	1	2790.470035257	2791.311354357	736.526	1007.426	0.8413	-41.68	20.79	
64	Spectrogram 1	1	2794.336389459	2795.219774359	23.900	255.000	0.8834	-52.75	11.32	
65	Spectrogram 1	1	2796.881379459	2797.659599559	47.800	247.000	0.7782	-54.36	11.91	
66	Spectrogram 1	1	2799.216039759	2800.204589559	39.800	239.000	0.9885	-53.47	11.23	
67	Spectrogram 1	1	2801.761029759	2802.749579659	31.900	247.000	0.9885	-52.56	12.43	
68	Spectrogram 1	1	2804.218673559	2805.123091559	31.900	207.200	0.9044	-53.08	12.51	
69	Spectrogram 1	1	2808.850000000	2809.082349352	0.000	8000.000	0.2323	-36.35	19.44	Phaser
70	Spectrogram 1	1	2811.891664249	2813.919440415	0.000	8000.000	2.0278	-35.39	20.28	Upsweep
71	Spectrogram 1	1	2815.883848576	2818.025320689	0.000	8000.000	2.1415	-34.14	20.98	Downsweep
72	Spectrogram 1	1	2820.911043659	2822.981065159	0.000	8000.000	2.0700	-35.56	20.04	
73	Spectrogram 1	1	2824.863874169	2826.976141009	0.000	8000.000	2.1123	-35.62	19.54	
74	Spectrogram 1	1	2829.869946579	2831.961090749	0.000	8000.000	2.0911	-35.27	19.27	
75	Spectrogram 1	1	2833.904376239	2836.016643079	0.000	8000.000	2.1123	-35.36	19.65	
76	Spectrogram 1	1	2837.907121899	2838.160593919	0.000	8000.000	0.2535	-36.45	16.54	
77	Spectrogram 1	1	2847.236218779	2851.724901599	580.000	1080.800	4.4887	-43.13	16.23	
78	Spectrogram 1	1	2862.632931729	2864.168338949	143.400	470.100	1.5354	-52.63	11.21	
79	Spectrogram 1	1	2865.193701289	2866.224317089	159.300	709.100	1.0306	-47.33	12.29	
80	Spectrogram 1	1	2851.769519279	2858.566279029	580.000	1526.500	6.7968	-39.94	19.09	
81	Spectrogram 1	1	2867.468806709	2868.242179809	326.700	756.900	0.7734	-46.87	12.64	
82	Spectrogram 1	1	2869.595582729	2870.577171669	294.800	669.300	0.9816	-46.19	11.67	
83	Spectrogram 1	1	2872.123917869	2872.941908649	318.700	693.200	0.8180	-48.25	11.99	
84	Spectrogram 1	1	2874.639821669	2875.442939889	278.900	605.500	0.8031	-48.55	10.55	
85	Spectrogram 1	1	2877.435862879	2878.298471339	294.800	701.100	0.8626	-45.71	13.23	
86	Spectrogram 1	1	2880.239773909	2881.355215879	255.000	669.300	1.1154	-50.74	11.82	
87	Spectrogram 1	1	2883.303521189	2884.627178999	159.300	390.400	1.3237	-54.11	12.29	
88	Spectrogram 1	1	2886.855782179	2888.194312549	127.500	398.400	1.3385	-53.72	10.76	
89	Spectrogram 1	1	2890.372002369	2891.918748569	127.500	398.400	1.5467	-53.65	11.05	
90	Spectrogram 1	1	2914.183321659	2921.376599259	589.600	1381.600	7.1933	-43.42	13.93	
91	Spectrogram 1	1	2921.544863059	2926.214183659	748.900	1593.500	4.6693	-37.96	18.73	
92	Spectrogram 1	1	2926.601441759	2929.609157259	358.500	900.300	3.0077	-47.94	12.98	
93	Spectrogram 1	1	2932.324084680	2933.165403680	661.334	980.034	0.8413	-45.32	14.57	
94	Spectrogram 1	1	2934.266343418	2935.044563518	605.247	1043.447	0.7782	-38.99	18.69	
95	Spectrogram 1	1	2936.174265080	2936.826287380	609.870	1024.170	0.6520	-39.99	19.72	
96	Spectrogram 1	1	2937.879585914	2938.678839014	786.238	1096.938	0.7993	-46.16	17.96	
97	Spectrogram 1	1	2939.901035257	2940.742354357	736.526	1007.426	0.8413	-42.07	20.09	
98	Spectrogram 1	1	2943.767389459	2944.650774359	23.900	255.000	0.8834	-51.47	12.77	
99	Spectrogram 1	1	2946.312379459	2947.090599559	47.800	247.000	0.7782	-53.27	12.02	
100	Spectrogram 1	1	2948.647039759	2949.635589559	39.800	239.000	0.9885	-53.35	13.19	
101	Spectrogram 1	1	2951.192029759	2952.180579659	31.900	247.000	0.9885	-51.59	13.17	
102	Spectrogram 1	1	2953.649673559	2954.554091559	31.900	207.200	0.9044	-51.54	13.83	
