Selection	View	Channel	Begin Time (s)	End Time (s)	Low Freq (Hz)	High Freq (Hz)	Delta Time (s)	Inband Power (dB FS)	SNR NIST Quick (dB FS)	Sound Type
1	Spectrogram 1	1	1033.200000000	1033.432349352	0.000	8000.000	0.2323	-39.86	15.53	Phaser
2	Spectrogram 1	1	1036.241664249	1038.269440415	0.000	8000.000	2.0278	-39.74	16.09	Upsweep
3	Spectrogram 1	1	1040.233848576	1042.375320689	0.000	8000.000	2.1415	-39.72	16.16	Downsweep
4	Spectrogram 1	1	1045.261043659	1047.331065159	0.000	8000.000	2.0700	-39.73	16.71	
5	Spectrogram 1	1	1049.213874169	1051.326141009	0.000	8000.000	2.1123	-39.64	16.33	
6	Spectrogram 1	1	1054.219946579	1056.311090749	0.000	8000.000	2.0911	-39.74	16.31	
7	Spectrogram 1	1	1058.254376239	1060.366643079	0.000	8000.000	2.1123	-39.80	16.22	
8	Spectrogram 1	1	1062.257121899	1062.510593919	0.000	8000.000	0.2535	-40.26	17.00	
9	Spectrogram 1	1	1071.586218779	1076.074901599	580.000	1080.800	4.4887	-49.10	14.92	
10	Spectrogram 1	1	1086.982931729	1088.518338949	143.400	470.100	1.5354	-58.84	10.28	
11	Spectrogram 1	1	1089.543701289	1090.574317089	159.300	709.100	1.0306	-56.91	10.71	
12	Spectrogram 1	1	1076.119519279	1082.916279029	580.000	1526.500	6.7968	-46.78	17.97	
13	Spectrogram 1	1	1091.818806709	1092.592179809	326.700	756.900	0.7734	-53.82	12.98	
14	Spectrogram 1	1	1093.945582729	1094.927171669	294.800	669.300	0.9816	-57.52	10.50	
15	Spectrogram 1	1	1096.473917869	1097.291908649	318.700	693.200	0.8180	-56.92	10.49	
16	Spectrogram 1	1	1098.989821669	1099.792939889	278.900	605.500	0.8031	-59.95	10.97	
17	Spectrogram 1	1	1101.785862879	1102.648471339	294.800	701.100	0.8626	-56.51	11.43	
18	Spectrogram 1	1	1104.589773909	1105.705215879	255.000	669.300	1.1154	-58.03	10.71	
19	Spectrogram 1	1	1107.653521189	1108.977178999	159.300	390.400	1.3237	-61.07	10.97	
20	Spectrogram 1	1	1111.205782179	1112.544312549	127.500	398.400	1.3385	-60.01	10.36	
21	Spectrogram 1	1	1114.722002369	1116.268748569	127.500	398.400	1.5467	-60.33	10.57	
22	Spectrogram 1	1	1138.533321659	1145.726599259	589.600	1381.600	7.1933	-48.74	12.83	
23	Spectrogram 1	1	1145.894863059	1150.564183659	748.900	1593.500	4.6693	-45.40	14.66	
24	Spectrogram 1	1	1150.951441759	1153.959157259	358.500	900.300	3.0077	-52.99	11.49	
25	Spectrogram 1	1	1156.674084680	1157.515403680	661.334	980.034	0.8413	-46.94	13.90	
26	Spectrogram 1	1	1158.616343418	1159.394563518	605.247	1043.447	0.7782	-44.30	16.17	
27	Spectrogram 1	1	1160.524265080	1161.176287380	609.870	1024.170	0.6520	-45.48	18.57	
28	Spectrogram 1	1	1162.229585914	1163.028839014	786.238	1096.938	0.7993	-51.41	14.88	
29	Spectrogram 1	1	1164.251035257	1165.092354357	736.526	1007.426	0.8413	-48.59	19.53	
30	Spectrogram 1	1	1168.117389459	1169.000774359	23.900	255.000	0.8834	-51.74	18.24	
31	Spectrogram 1	1	1170.662379459	1171.440599559	47.800	247.000	0.7782	-57.31	13.22	
32	Spectrogram 1	1	1172.997039759	1173.985589559	39.800	239.000	0.9885	-53.50	14.12	
33	Spectrogram 1	1	1175.542029759	1176.530579659	31.900	247.000	0.9885	-50.76	16.03	
34	Spectrogram 1	1	1177.999673559	1178.904091559	31.900	207.200	0.9044	-51.24	15.69	
35	Spectrogram 1	1	1182.669000000	1182.901349352	0.000	8000.000	0.2323	-39.92	15.48	Phaser
36	Spectrogram 1	1	1185.710664249	1187.738440415	0.000	8000.000	2.0278	-34.34	19.70	Upsweep
37	Spectrogram 1	1	1189.702848576	1191.844320689	0.000	8000.000	2.1415	-36.44	18.30	Downsweep
38	Spectrogram 1	1	1194.730043659	1196.800065159	0.000	8000.000	2.0700	-39.41	16.37	
39	Spectrogram 1	1	1198.682874169	1200.795141009	0.000	8000.000	2.1123	-32.51	17.62	
40	Spectrogram 1	1	1203.688946579	1205.780090749	0.000	8000.000	2.0911	-39.62	17.09	
41	Spectrogram 1	1	1207.723376239	1209.835643079	0.000	8000.000	2.1123	-39.43	16.03	
42	Spectrogram 1	1	1211.726121899	1211.979593919	0.000	8000.000	0.2535	-40.33	15.19	
43	Spectrogram 1	1	1221.055218779	1225.543901599	580.000	1080.800	4.4887	-48.76	14.97	
44	Spectrogram 1	1	1236.451931729	1237.987338949	143.400	470.100	1.5354	-59.86	10.27	
45	Spectrogram 1	1	1239.012701289	1240.043317089	159.300	709.100	1.0306	-55.87	9.91	
46	Spectrogram 1	1	1225.588519279	1232.385279029	580.000	1526.500	6.7968	-46.93	18.02	
47	Spectrogram 1	1	1241.287806709	1242.061179809	326.700	756.900	0.7734	-53.60	12.54	
48	Spectrogram 1	1	1243.414582729	1244.396171669	294.800	669.300	0.9816	-57.67	10.76	
49	Spectrogram 1	1	1245.942917869	1246.760908649	318.700	693.200	0.8180	-57.35	11.03	
50	Spectrogram 1	1	1248.458821669	1249.261939889	278.900	605.500	0.8031	-59.59	10.86	
51	Spectrogram 1	1	1251.254862879	1252.117471339	294.800	701.100	0.8626	-56.68	11.41	
52	Spectrogram 1	1	1254.058773909	1255.174215879	255.000	669.300	1.1154	-58.35	10.19	
53	Spectrogram 1	1	1257.122521189	1258.446178999	159.300	390.400	1.3237	-60.84	11.15	
54	Spectrogram 1	1	1260.674782179	1262.013312549	127.500	398.400	1.3385	-60.55	10.96	
55	Spectrogram 1	1	1264.191002369	1265.737748569	127.500	398.400	1.5467	-60.33	10.34	
56	Spectrogram 1	1	1288.002321659	1295.195599259	589.600	1381.600	7.1933	-49.30	13.36	
57	Spectrogram 1	1	1295.363863059	1300.033183659	748.900	1593.500	4.6693	-46.48	15.79	
58	Spectrogram 1	1	1300.420441759	1303.428157259	358.500	900.300	3.0077	-55.00	11.44	
59	Spectrogram 1	1	1306.143084680	1306.984403680	661.334	980.034	0.8413	-48.26	13.89	
60	Spectrogram 1	1	1308.085343418	1308.863563518	605.247	1043.447	0.7782	-45.12	17.35	
61	Spectrogram 1	1	1309.993265080	1310.645287380	609.870	1024.170	0.6520	-46.02	17.23	
62	Spectrogram 1	1	1311.698585914	1312.497839014	786.238	1096.938	0.7993	-51.76	15.06	
63	Spectrogram 1	1	1313.720035257	1314.561354357	736.526	1007.426	0.8413	-48.51	19.19	
64	Spectrogram 1	1	1317.586389459	1318.469774359	23.900	255.000	0.8834	-52.71	16.39	
65	Spectrogram 1	1	1320.131379459	1320.909599559	47.800	247.000	0.7782	-54.88	14.12	
66	Spectrogram 1	1	1322.466039759	1323.454589559	39.800	239.000	0.9885	-52.98	16.14	
67	Spectrogram 1	1	1325.011029759	1325.999579659	31.900	247.000	0.9885	-53.29	15.46	
68	Spectrogram 1	1	1327.468673559	1328.373091559	31.900	207.200	0.9044	-54.15	15.05	
69	Spectrogram 1	1	1332.100000000	1332.332349352	0.000	8000.000	0.2323	-39.74	16.98	Phaser
70	Spectrogram 1	1	1335.141664249	1337.169440415	0.000	8000.000	2.0278	-39.58	17.56	Upsweep
71	Spectrogram 1	1	1339.133848576	1341.275320689	0.000	8000.000	2.1415	-39.54	17.16	Downsweep
72	Spectrogram 1	1	1344.161043659	1346.231065159	0.000	8000.000	2.0700	-39.37	17.92	
73	Spectrogram 1	1	1348.113874169	1350.226141009	0.000	8000.000	2.1123	-39.53	16.53	
74	Spectrogram 1	1	1353.119946579	1355.211090749	0.000	8000.000	2.0911	-39.61	16.85	
75	Spectrogram 1	1	1357.154376239	1359.266643079	0.000	8000.000	2.1123	-39.49	17.14	
76	Spectrogram 1	1	1361.157121899	1361.410593919	0.000	8000.000	0.2535	-39.72	16.38	
77	Spectrogram 1	1	1370.486218779	1374.974901599	580.000	1080.800	4.4887	-48.86	16.47	
78	Spectrogram 1	1	1385.882931729	1387.418338949	143.400	470.100	1.5354	-59.73	10.03	
79	Spectrogram 1	1	1388.443701289	1389.474317089	159.300	709.100	1.0306	-56.33	11.40	
80	Spectrogram 1	1	1375.019519279	1381.816279029	580.000	1526.500	6.7968	-46.36	17.79	
81	Spectrogram 1	1	1390.718806709	1391.492179809	326.700	756.900	0.7734	-53.49	13.26	
82	Spectrogram 1	1	1392.845582729	1393.827171669	294.800	669.300	0.9816	-58.48	11.06	
83	Spectrogram 1	1	1395.373917869	1396.191908649	318.700	693.200	0.8180	-57.34	11.61	
84	Spectrogram 1	1	1397.889821669	1398.692939889	278.900	605.500	0.8031	-59.75	10.21	
85	Spectrogram 1	1	1400.685862879	1401.548471339	294.800	701.100	0.8626	-55.74	11.83	
86	Spectrogram 1	1	1403.489773909	1404.605215879	255.000	669.300	1.1154	-58.42	10.68	
87	Spectrogram 1	1	1406.553521189	1407.877178999	159.300	390.400	1.3237	-60.92	9.78	
88	Spectrogram 1	1	1410.105782179	1411.444312549	127.500	398.400	1.3385	-60.59	10.76	
89	Spectrogram 1	1	1413.622002369	1415.168748569	127.500	398.400	1.5467	-60.23	10.22	
90	Spectrogram 1	1	1437.433321659	1444.626599259	589.600	1381.600	7.1933	-48.69	15.94	
91	Spectrogram 1	1	1444.794863059	1449.464183659	748.900	1593.500	4.6693	-45.62	15.98	
92	Spectrogram 1	1	1449.851441759	1452.859157259	358.500	900.300	3.0077	-53.55	12.00	
93	Spectrogram 1	1	1455.574084680	1456.415403680	661.334	980.034	0.8413	-48.35	13.19	
94	Spectrogram 1	1	1457.516343418	1458.294563518	605.247	1043.447	0.7782	-44.66	15.98	
95	Spectrogram 1	1	1459.424265080	1460.076287380	609.870	1024.170	0.6520	-45.79	15.96	
96	Spectrogram 1	1	1461.129585914	1461.928839014	786.238	1096.938	0.7993	-50.97	17.02	
97	Spectrogram 1	1	1463.151035257	1463.992354357	736.526	1007.426	0.8413	-48.11	16.55	
98	Spectrogram 1	1	1467.017389459	1467.900774359	23.900	255.000	0.8834	-51.42	17.09	
99	Spectrogram 1	1	1469.562379459	1470.340599559	47.800	247.000	0.7782	-54.76	13.65	
100	Spectrogram 1	1	1471.897039759	1472.885589559	39.800	239.000	0.9885	-54.65	15.21	
101	Spectrogram 1	1	1474.442029759	1475.430579659	31.900	247.000	0.9885	-53.65	16.15	
102	Spectrogram 1	1	1476.899673559	1477.804091559	31.900	207.200	0.9044	-52.55	16.48	
