Selection	View	Channel	Begin Time (s)	End Time (s)	Low Freq (Hz)	High Freq (Hz)	Delta Time (s)	Inband Power (dB FS)	SNR NIST Quick (dB FS)	Sound Type
1	Spectrogram 1	1	1076.800000000	1077.032349352	0.000	8000.000	0.2323	-26.82	20.07	Phaser
2	Spectrogram 1	1	1079.841664249	1081.869440415	0.000	8000.000	2.0278	-26.80	20.11	Upsweep
3	Spectrogram 1	1	1083.833848576	1085.975320689	0.000	8000.000	2.1415	-26.90	20.85	Downsweep
4	Spectrogram 1	1	1088.861043659	1090.931065159	0.000	8000.000	2.0700	-26.55	20.71	
5	Spectrogram 1	1	1092.813874169	1094.926141009	0.000	8000.000	2.1123	-26.72	20.74	
6	Spectrogram 1	1	1097.819946579	1099.911090749	0.000	8000.000	2.0911	-26.63	20.73	
7	Spectrogram 1	1	1101.854376239	1103.966643079	0.000	8000.000	2.1123	-26.47	21.46	
8	Spectrogram 1	1	1105.857121899	1106.110593919	0.000	8000.000	0.2535	-26.68	20.18	
9	Spectrogram 1	1	1115.186218779	1119.674901599	580.000	1080.800	4.4887	-52.95	14.96	
10	Spectrogram 1	1	1130.582931729	1132.118338949	143.400	470.100	1.5354	-57.49	10.59	
11	Spectrogram 1	1	1133.143701289	1134.174317089	159.300	709.100	1.0306	-55.76	11.31	
12	Spectrogram 1	1	1119.719519279	1126.516279029	580.000	1526.500	6.7968	-53.17	13.02	
13	Spectrogram 1	1	1135.418806709	1136.192179809	326.700	756.900	0.7734	-54.20	12.03	
14	Spectrogram 1	1	1137.545582729	1138.527171669	294.800	669.300	0.9816	-56.70	11.52	
15	Spectrogram 1	1	1140.073917869	1140.891908649	318.700	693.200	0.8180	-55.44	10.75	
16	Spectrogram 1	1	1142.589821669	1143.392939889	278.900	605.500	0.8031	-57.28	10.66	
17	Spectrogram 1	1	1145.385862879	1146.248471339	294.800	701.100	0.8626	-54.21	11.98	
18	Spectrogram 1	1	1148.189773909	1149.305215879	255.000	669.300	1.1154	-57.19	10.11	
19	Spectrogram 1	1	1151.253521189	1152.577178999	159.300	390.400	1.3237	-58.62	10.12	
20	Spectrogram 1	1	1154.805782179	1156.144312549	127.500	398.400	1.3385	-57.73	10.23	
21	Spectrogram 1	1	1158.322002369	1159.868748569	127.500	398.400	1.5467	-57.94	10.06	
22	Spectrogram 1	1	1182.133321659	1189.326599259	589.600	1381.600	7.1933	-45.46	16.98	
23	Spectrogram 1	1	1189.494863059	1194.164183659	748.900	1593.500	4.6693	-45.15	17.66	
24	Spectrogram 1	1	1194.551441759	1197.559157259	358.500	900.300	3.0077	-51.65	12.75	
25	Spectrogram 1	1	1200.274084680	1201.115403680	661.334	980.034	0.8413	-52.68	13.74	
26	Spectrogram 1	1	1202.216343418	1202.994563518	605.247	1043.447	0.7782	-49.50	15.57	
27	Spectrogram 1	1	1204.124265080	1204.776287380	609.870	1024.170	0.6520	-49.81	15.35	
28	Spectrogram 1	1	1205.829585914	1206.628839014	786.238	1096.938	0.7993	-51.59	13.21	
29	Spectrogram 1	1	1207.851035257	1208.692354357	736.526	1007.426	0.8413	-47.85	15.47	
30	Spectrogram 1	1	1211.717389459	1212.600774359	23.900	255.000	0.8834	-49.76	15.36	
31	Spectrogram 1	1	1214.262379459	1215.040599559	47.800	247.000	0.7782	-53.62	14.66	
32	Spectrogram 1	1	1216.597039759	1217.585589559	39.800	239.000	0.9885	-51.73	16.29	
33	Spectrogram 1	1	1219.142029759	1220.130579659	31.900	247.000	0.9885	-49.91	16.86	
34	Spectrogram 1	1	1221.599673559	1222.504091559	31.900	207.200	0.9044	-49.93	16.15	
35	Spectrogram 1	1	1226.269000000	1226.501349352	0.000	8000.000	0.2323	-26.31	21.53	Phaser
36	Spectrogram 1	1	1229.310664249	1231.338440415	0.000	8000.000	2.0278	-26.48	20.87	Upsweep
37	Spectrogram 1	1	1233.302848576	1235.444320689	0.000	8000.000	2.1415	-26.62	21.00	Downsweep
38	Spectrogram 1	1	1238.330043659	1240.400065159	0.000	8000.000	2.0700	-26.81	19.67	
39	Spectrogram 1	1	1242.282874169	1244.395141009	0.000	8000.000	2.1123	-26.90	19.53	
40	Spectrogram 1	1	1247.288946579	1249.380090749	0.000	8000.000	2.0911	-26.69	19.96	
41	Spectrogram 1	1	1251.323376239	1253.435643079	0.000	8000.000	2.1123	-26.83	20.39	
42	Spectrogram 1	1	1255.326121899	1255.579593919	0.000	8000.000	0.2535	-26.90	19.39	
43	Spectrogram 1	1	1264.655218779	1269.143901599	580.000	1080.800	4.4887	-53.04	14.46	
44	Spectrogram 1	1	1280.051931729	1281.587338949	143.400	470.100	1.5354	-57.13	10.34	
45	Spectrogram 1	1	1282.612701289	1283.643317089	159.300	709.100	1.0306	-55.00	10.47	
46	Spectrogram 1	1	1269.188519279	1275.985279029	580.000	1526.500	6.7968	-53.13	13.02	
47	Spectrogram 1	1	1284.887806709	1285.661179809	326.700	756.900	0.7734	-54.07	12.37	
48	Spectrogram 1	1	1287.014582729	1287.996171669	294.800	669.300	0.9816	-56.65	11.04	
49	Spectrogram 1	1	1289.542917869	1290.360908649	318.700	693.200	0.8180	-55.48	10.69	
50	Spectrogram 1	1	1292.058821669	1292.861939889	278.900	605.500	0.8031	-57.26	11.10	
51	Spectrogram 1	1	1294.854862879	1295.717471339	294.800	701.100	0.8626	-54.01	11.45	
52	Spectrogram 1	1	1297.658773909	1298.774215879	255.000	669.300	1.1154	-56.47	10.75	
53	Spectrogram 1	1	1300.722521189	1302.046178999	159.300	390.400	1.3237	-58.56	9.97	
54	Spectrogram 1	1	1304.274782179	1305.613312549	127.500	398.400	1.3385	-57.00	10.67	
55	Spectrogram 1	1	1307.791002369	1309.337748569	127.500	398.400	1.5467	-55.99	10.57	
56	Spectrogram 1	1	1331.602321659	1338.795599259	589.600	1381.600	7.1933	-49.82	15.97	
57	Spectrogram 1	1	1338.963863059	1343.633183659	748.900	1593.500	4.6693	-52.23	14.06	
58	Spectrogram 1	1	1344.020441759	1347.028157259	358.500	900.300	3.0077	-49.96	13.70	
59	Spectrogram 1	1	1349.743084680	1350.584403680	661.334	980.034	0.8413	-49.07	16.91	
60	Spectrogram 1	1	1351.685343418	1352.463563518	605.247	1043.447	0.7782	-47.82	12.72	
61	Spectrogram 1	1	1353.593265080	1354.245287380	609.870	1024.170	0.6520	-48.92	16.54	
62	Spectrogram 1	1	1355.298585914	1356.097839014	786.238	1096.938	0.7993	-49.29	15.05	
63	Spectrogram 1	1	1357.320035257	1358.161354357	736.526	1007.426	0.8413	-49.03	16.20	
64	Spectrogram 1	1	1361.186389459	1362.069774359	23.900	255.000	0.8834	-50.18	15.06	
65	Spectrogram 1	1	1363.731379459	1364.509599559	47.800	247.000	0.7782	-53.36	15.51	
66	Spectrogram 1	1	1366.066039759	1367.054589559	39.800	239.000	0.9885	-52.81	13.57	
67	Spectrogram 1	1	1368.611029759	1369.599579659	31.900	247.000	0.9885	-50.48	15.29	
68	Spectrogram 1	1	1371.068673559	1371.973091559	31.900	207.200	0.9044	-50.33	15.56	
69	Spectrogram 1	1	1375.700000000	1375.932349352	0.000	8000.000	0.2323	-25.21	20.67	Phaser
70	Spectrogram 1	1	1378.741664249	1380.769440415	0.000	8000.000	2.0278	-25.58	21.50	Upsweep
71	Spectrogram 1	1	1382.733848576	1384.875320689	0.000	8000.000	2.1415	-25.73	21.62	Downsweep
72	Spectrogram 1	1	1387.761043659	1389.831065159	0.000	8000.000	2.0700	-25.51	20.84	
73	Spectrogram 1	1	1391.713874169	1393.826141009	0.000	8000.000	2.1123	-25.67	21.42	
74	Spectrogram 1	1	1396.719946579	1398.811090749	0.000	8000.000	2.0911	-25.56	21.73	
75	Spectrogram 1	1	1400.754376239	1402.866643079	0.000	8000.000	2.1123	-25.63	20.35	
76	Spectrogram 1	1	1404.757121899	1405.010593919	0.000	8000.000	0.2535	-25.68	20.42	
77	Spectrogram 1	1	1414.086218779	1418.574901599	580.000	1080.800	4.4887	-53.18	14.39	
78	Spectrogram 1	1	1429.482931729	1431.018338949	143.400	470.100	1.5354	-55.85	10.80	
79	Spectrogram 1	1	1432.043701289	1433.074317089	159.300	709.100	1.0306	-54.85	11.05	
80	Spectrogram 1	1	1418.619519279	1425.416279029	580.000	1526.500	6.7968	-52.73	12.98	
81	Spectrogram 1	1	1434.318806709	1435.092179809	326.700	756.900	0.7734	-53.44	12.62	
82	Spectrogram 1	1	1436.445582729	1437.427171669	294.800	669.300	0.9816	-56.65	11.03	
83	Spectrogram 1	1	1438.973917869	1439.791908649	318.700	693.200	0.8180	-55.72	11.52	
84	Spectrogram 1	1	1441.489821669	1442.292939889	278.900	605.500	0.8031	-57.17	9.52	
85	Spectrogram 1	1	1444.285862879	1445.148471339	294.800	701.100	0.8626	-54.61	10.97	
86	Spectrogram 1	1	1447.089773909	1448.205215879	255.000	669.300	1.1154	-56.57	10.19	
87	Spectrogram 1	1	1450.153521189	1451.477178999	159.300	390.400	1.3237	-57.67	10.56	
88	Spectrogram 1	1	1453.705782179	1455.044312549	127.500	398.400	1.3385	-57.22	10.42	
89	Spectrogram 1	1	1457.222002369	1458.768748569	127.500	398.400	1.5467	-56.42	10.24	
90	Spectrogram 1	1	1481.033321659	1488.226599259	589.600	1381.600	7.1933	-48.52	14.99	
91	Spectrogram 1	1	1488.394863059	1493.064183659	748.900	1593.500	4.6693	-44.81	16.60	
92	Spectrogram 1	1	1493.451441759	1496.459157259	358.500	900.300	3.0077	-55.73	11.71	
93	Spectrogram 1	1	1499.174084680	1500.015403680	661.334	980.034	0.8413	-51.97	13.37	
94	Spectrogram 1	1	1501.116343418	1501.894563518	605.247	1043.447	0.7782	-48.65	16.72	
95	Spectrogram 1	1	1503.024265080	1503.676287380	609.870	1024.170	0.6520	-49.20	16.05	
96	Spectrogram 1	1	1504.729585914	1505.528839014	786.238	1096.938	0.7993	-50.22	14.45	
97	Spectrogram 1	1	1506.751035257	1507.592354357	736.526	1007.426	0.8413	-48.66	18.33	
98	Spectrogram 1	1	1510.617389459	1511.500774359	23.900	255.000	0.8834	-50.62	15.04	
99	Spectrogram 1	1	1513.162379459	1513.940599559	47.800	247.000	0.7782	-53.98	13.08	
100	Spectrogram 1	1	1515.497039759	1516.485589559	39.800	239.000	0.9885	-53.19	12.19	
101	Spectrogram 1	1	1518.042029759	1519.030579659	31.900	247.000	0.9885	-50.48	15.04	
102	Spectrogram 1	1	1520.499673559	1521.404091559	31.900	207.200	0.9044	-50.58	14.67	
