Selection	View	Channel	Begin Time (s)	End Time (s)	Low Freq (Hz)	High Freq (Hz)	Delta Time (s)	Inband Power (dB FS)	SNR NIST Quick (dB FS)	Sound Type
1	Spectrogram 1	1	1679.550000000	1679.782349352	0.000	8000.000	0.2323	-32.26	23.37	Phaser
2	Spectrogram 1	1	1682.591664249	1684.619440415	0.000	8000.000	2.0278	-30.29	22.67	Upsweep
3	Spectrogram 1	1	1686.583848576	1688.725320689	0.000	8000.000	2.1415	-30.51	20.99	Downsweep
4	Spectrogram 1	1	1691.611043659	1693.681065159	0.000	8000.000	2.0700	-30.43	21.65	
5	Spectrogram 1	1	1695.563874169	1697.676141009	0.000	8000.000	2.1123	-30.61	21.11	
6	Spectrogram 1	1	1700.569946579	1702.661090749	0.000	8000.000	2.0911	-30.51	21.82	
7	Spectrogram 1	1	1704.604376239	1706.716643079	0.000	8000.000	2.1123	-30.58	21.30	
8	Spectrogram 1	1	1708.607121899	1708.860593919	0.000	8000.000	0.2535	-32.39	22.95	
9	Spectrogram 1	1	1717.936218779	1722.424901599	580.000	1080.800	4.4887	-32.59	25.11	
10	Spectrogram 1	1	1733.332931729	1734.868338949	143.400	470.100	1.5354	-54.76	10.41	
11	Spectrogram 1	1	1735.893701289	1736.924317089	159.300	709.100	1.0306	-41.89	12.63	
12	Spectrogram 1	1	1722.469519279	1729.266279029	580.000	1526.500	6.7968	-32.31	24.67	
13	Spectrogram 1	1	1738.168806709	1738.942179809	326.700	756.900	0.7734	-38.77	19.50	
14	Spectrogram 1	1	1740.295582729	1741.277171669	294.800	669.300	0.9816	-41.67	14.20	
15	Spectrogram 1	1	1742.823917869	1743.641908649	318.700	693.200	0.8180	-40.71	16.62	
16	Spectrogram 1	1	1745.339821669	1746.142939889	278.900	605.500	0.8031	-41.86	13.77	
17	Spectrogram 1	1	1748.135862879	1748.998471339	294.800	701.100	0.8626	-39.19	18.82	
18	Spectrogram 1	1	1750.939773909	1752.055215879	255.000	669.300	1.1154	-45.58	12.02	
19	Spectrogram 1	1	1754.003521189	1755.327178999	159.300	390.400	1.3237	-55.74	10.72	
20	Spectrogram 1	1	1757.555782179	1758.894312549	127.500	398.400	1.3385	-55.08	9.88	
21	Spectrogram 1	1	1761.072002369	1762.618748569	127.500	398.400	1.5467	-55.42	10.83	
22	Spectrogram 1	1	1784.883321659	1792.076599259	589.600	1381.600	7.1933	-36.12	16.23	
23	Spectrogram 1	1	1792.244863059	1796.914183659	748.900	1593.500	4.6693	-30.10	23.08	
24	Spectrogram 1	1	1797.301441759	1800.309157259	358.500	900.300	3.0077	-43.16	11.91	
25	Spectrogram 1	1	1803.024084680	1803.865403680	661.334	980.034	0.8413	-34.60	20.45	
26	Spectrogram 1	1	1804.966343418	1805.744563518	605.247	1043.447	0.7782	-29.18	23.64	
27	Spectrogram 1	1	1806.874265080	1807.526287380	609.870	1024.170	0.6520	-28.90	23.83	
28	Spectrogram 1	1	1808.579585914	1809.378839014	786.238	1096.938	0.7993	-36.70	19.73	
29	Spectrogram 1	1	1810.601035257	1811.442354357	736.526	1007.426	0.8413	-31.07	28.59	
30	Spectrogram 1	1	1814.467389459	1815.350774359	23.900	255.000	0.8834	-51.02	13.86	
31	Spectrogram 1	1	1817.012379459	1817.790599559	47.800	247.000	0.7782	-53.79	11.97	
32	Spectrogram 1	1	1819.347039759	1820.335589559	39.800	239.000	0.9885	-53.21	11.44	
33	Spectrogram 1	1	1821.892029759	1822.880579659	31.900	247.000	0.9885	-51.34	12.93	
34	Spectrogram 1	1	1824.349673559	1825.254091559	31.900	207.200	0.9044	-51.38	12.49	
35	Spectrogram 1	1	1829.019000000	1829.251349352	0.000	8000.000	0.2323	-32.31	22.79	Phaser
36	Spectrogram 1	1	1832.060664249	1834.088440415	0.000	8000.000	2.0278	-30.37	22.47	Upsweep
37	Spectrogram 1	1	1836.052848576	1838.194320689	0.000	8000.000	2.1415	-30.61	21.46	Downsweep
38	Spectrogram 1	1	1841.080043659	1843.150065159	0.000	8000.000	2.0700	-30.51	22.52	
39	Spectrogram 1	1	1845.032874169	1847.145141009	0.000	8000.000	2.1123	-30.58	21.66	
40	Spectrogram 1	1	1850.038946579	1852.130090749	0.000	8000.000	2.0911	-30.49	22.70	
41	Spectrogram 1	1	1854.073376239	1856.185643079	0.000	8000.000	2.1123	-30.53	20.77	
42	Spectrogram 1	1	1858.076121899	1858.329593919	0.000	8000.000	0.2535	-32.27	21.92	
43	Spectrogram 1	1	1867.405218779	1871.893901599	580.000	1080.800	4.4887	-32.52	23.42	
44	Spectrogram 1	1	1882.801931729	1884.337338949	143.400	470.100	1.5354	-54.22	11.08	
45	Spectrogram 1	1	1885.362701289	1886.393317089	159.300	709.100	1.0306	-41.85	11.84	
46	Spectrogram 1	1	1871.938519279	1878.735279029	580.000	1526.500	6.7968	-32.14	24.77	
47	Spectrogram 1	1	1887.637806709	1888.411179809	326.700	756.900	0.7734	-38.42	21.18	
48	Spectrogram 1	1	1889.764582729	1890.746171669	294.800	669.300	0.9816	-41.66	15.13	
49	Spectrogram 1	1	1892.292917869	1893.110908649	318.700	693.200	0.8180	-40.70	16.59	
50	Spectrogram 1	1	1894.808821669	1895.611939889	278.900	605.500	0.8031	-41.98	12.78	
51	Spectrogram 1	1	1897.604862879	1898.467471339	294.800	701.100	0.8626	-39.37	18.03	
52	Spectrogram 1	1	1900.408773909	1901.524215879	255.000	669.300	1.1154	-45.62	12.41	
53	Spectrogram 1	1	1903.472521189	1904.796178999	159.300	390.400	1.3237	-55.98	11.18	
54	Spectrogram 1	1	1907.024782179	1908.363312549	127.500	398.400	1.3385	-55.33	10.80	
55	Spectrogram 1	1	1910.541002369	1912.087748569	127.500	398.400	1.5467	-55.20	10.09	
56	Spectrogram 1	1	1934.352321659	1941.545599259	589.600	1381.600	7.1933	-36.07	16.60	
57	Spectrogram 1	1	1941.713863059	1946.383183659	748.900	1593.500	4.6693	-29.97	21.80	
58	Spectrogram 1	1	1946.770441759	1949.778157259	358.500	900.300	3.0077	-43.01	12.21	
59	Spectrogram 1	1	1952.493084680	1953.334403680	661.334	980.034	0.8413	-34.43	21.13	
60	Spectrogram 1	1	1954.435343418	1955.213563518	605.247	1043.447	0.7782	-29.13	23.61	
61	Spectrogram 1	1	1956.343265080	1956.995287380	609.870	1024.170	0.6520	-28.79	24.38	
62	Spectrogram 1	1	1958.048585914	1958.847839014	786.238	1096.938	0.7993	-36.63	16.21	
63	Spectrogram 1	1	1960.070035257	1960.911354357	736.526	1007.426	0.8413	-31.11	26.33	
64	Spectrogram 1	1	1963.936389459	1964.819774359	23.900	255.000	0.8834	-51.46	14.04	
65	Spectrogram 1	1	1966.481379459	1967.259599559	47.800	247.000	0.7782	-53.76	12.46	
66	Spectrogram 1	1	1968.816039759	1969.804589559	39.800	239.000	0.9885	-52.99	12.61	
67	Spectrogram 1	1	1971.361029759	1972.349579659	31.900	247.000	0.9885	-51.26	14.34	
68	Spectrogram 1	1	1973.818673559	1974.723091559	31.900	207.200	0.9044	-51.84	13.34	
69	Spectrogram 1	1	1978.450000000	1978.682349352	0.000	8000.000	0.2323	-32.29	22.14	Phaser
70	Spectrogram 1	1	1981.491664249	1983.519440415	0.000	8000.000	2.0278	-30.25	21.56	Upsweep
71	Spectrogram 1	1	1985.483848576	1987.625320689	0.000	8000.000	2.1415	-30.55	21.49	Downsweep
72	Spectrogram 1	1	1990.511043659	1992.581065159	0.000	8000.000	2.0700	-30.54	21.12	
73	Spectrogram 1	1	1994.463874169	1996.576141009	0.000	8000.000	2.1123	-30.52	21.23	
74	Spectrogram 1	1	1999.469946579	2001.561090749	0.000	8000.000	2.0911	-30.50	21.55	
75	Spectrogram 1	1	2003.504376239	2005.616643079	0.000	8000.000	2.1123	-30.65	21.09	
76	Spectrogram 1	1	2007.507121899	2007.760593919	0.000	8000.000	0.2535	-32.62	20.93	
77	Spectrogram 1	1	2016.836218779	2021.324901599	580.000	1080.800	4.4887	-32.66	23.76	
78	Spectrogram 1	1	2032.232931729	2033.768338949	143.400	470.100	1.5354	-55.02	10.46	
79	Spectrogram 1	1	2034.793701289	2035.824317089	159.300	709.100	1.0306	-42.01	12.56	
80	Spectrogram 1	1	2021.369519279	2028.166279029	580.000	1526.500	6.7968	-32.42	24.58	
81	Spectrogram 1	1	2037.068806709	2037.842179809	326.700	756.900	0.7734	-38.72	20.92	
82	Spectrogram 1	1	2039.195582729	2040.177171669	294.800	669.300	0.9816	-42.20	14.55	
83	Spectrogram 1	1	2041.723917869	2042.541908649	318.700	693.200	0.8180	-40.69	17.32	
84	Spectrogram 1	1	2044.239821669	2045.042939889	278.900	605.500	0.8031	-41.86	14.41	
85	Spectrogram 1	1	2047.035862879	2047.898471339	294.800	701.100	0.8626	-39.35	18.32	
86	Spectrogram 1	1	2049.839773909	2050.955215879	255.000	669.300	1.1154	-45.83	12.01	
87	Spectrogram 1	1	2052.903521189	2054.227178999	159.300	390.400	1.3237	-56.91	10.78	
88	Spectrogram 1	1	2056.455782179	2057.794312549	127.500	398.400	1.3385	-56.26	10.61	
89	Spectrogram 1	1	2059.972002369	2061.518748569	127.500	398.400	1.5467	-56.22	10.20	
90	Spectrogram 1	1	2083.783321659	2090.976599259	589.600	1381.600	7.1933	-36.15	16.83	
91	Spectrogram 1	1	2091.144863059	2095.814183659	748.900	1593.500	4.6693	-30.20	23.61	
92	Spectrogram 1	1	2096.201441759	2099.209157259	358.500	900.300	3.0077	-43.49	12.15	
93	Spectrogram 1	1	2101.924084680	2102.765403680	661.334	980.034	0.8413	-34.32	21.28	
94	Spectrogram 1	1	2103.866343418	2104.644563518	605.247	1043.447	0.7782	-29.33	23.15	
95	Spectrogram 1	1	2105.774265080	2106.426287380	609.870	1024.170	0.6520	-28.86	25.33	
96	Spectrogram 1	1	2107.479585914	2108.278839014	786.238	1096.938	0.7993	-36.74	20.80	
97	Spectrogram 1	1	2109.501035257	2110.342354357	736.526	1007.426	0.8413	-31.07	27.96	
98	Spectrogram 1	1	2113.367389459	2114.250774359	23.900	255.000	0.8834	-52.04	13.09	
99	Spectrogram 1	1	2115.912379459	2116.690599559	47.800	247.000	0.7782	-55.38	11.64	
100	Spectrogram 1	1	2118.247039759	2119.235589559	39.800	239.000	0.9885	-53.85	11.90	
101	Spectrogram 1	1	2120.792029759	2121.780579659	31.900	247.000	0.9885	-51.52	12.89	
102	Spectrogram 1	1	2123.249673559	2124.154091559	31.900	207.200	0.9044	-52.49	14.31	
