Selection	View	Channel	Begin Time (s)	End Time (s)	Low Freq (Hz)	High Freq (Hz)	Delta Time (s)	Inband Power (dB FS)	SNR NIST Quick (dB FS)	Sound Type
1	Spectrogram 1	1	1540.250000000	1540.482349352	0.000	8000.000	0.2323	-32.58	22.07	Phaser
2	Spectrogram 1	1	1543.291664249	1545.319440415	0.000	8000.000	2.0278	-31.57	20.89	Upsweep
3	Spectrogram 1	1	1547.283848576	1549.425320689	0.000	8000.000	2.1415	-31.83	20.19	Downsweep
4	Spectrogram 1	1	1552.311043659	1554.381065159	0.000	8000.000	2.0700	-31.62	20.60	
5	Spectrogram 1	1	1556.263874169	1558.376141009	0.000	8000.000	2.1123	-31.79	20.10	
6	Spectrogram 1	1	1561.269946579	1563.361090749	0.000	8000.000	2.0911	-31.70	21.05	
7	Spectrogram 1	1	1565.304376239	1567.416643079	0.000	8000.000	2.1123	-31.79	19.73	
8	Spectrogram 1	1	1569.307121899	1569.560593919	0.000	8000.000	0.2535	-32.51	21.30	
9	Spectrogram 1	1	1578.636218779	1583.124901599	580.000	1080.800	4.4887	-34.74	25.65	
10	Spectrogram 1	1	1594.032931729	1595.568338949	143.400	470.100	1.5354	-56.85	11.29	
11	Spectrogram 1	1	1596.593701289	1597.624317089	159.300	709.100	1.0306	-43.80	12.16	
12	Spectrogram 1	1	1583.169519279	1589.966279029	580.000	1526.500	6.7968	-34.06	25.12	
13	Spectrogram 1	1	1598.868806709	1599.642179809	326.700	756.900	0.7734	-40.26	21.06	
14	Spectrogram 1	1	1600.995582729	1601.977171669	294.800	669.300	0.9816	-43.04	13.47	
15	Spectrogram 1	1	1603.523917869	1604.341908649	318.700	693.200	0.8180	-41.81	18.09	
16	Spectrogram 1	1	1606.039821669	1606.842939889	278.900	605.500	0.8031	-44.06	14.31	
17	Spectrogram 1	1	1608.835862879	1609.698471339	294.800	701.100	0.8626	-41.28	19.34	
18	Spectrogram 1	1	1611.639773909	1612.755215879	255.000	669.300	1.1154	-47.66	12.33	
19	Spectrogram 1	1	1614.703521189	1616.027178999	159.300	390.400	1.3237	-57.38	10.89	
20	Spectrogram 1	1	1618.255782179	1619.594312549	127.500	398.400	1.3385	-57.59	10.52	
21	Spectrogram 1	1	1621.772002369	1623.318748569	127.500	398.400	1.5467	-58.09	10.73	
22	Spectrogram 1	1	1645.583321659	1652.776599259	589.600	1381.600	7.1933	-37.28	17.39	
23	Spectrogram 1	1	1652.944863059	1657.614183659	748.900	1593.500	4.6693	-32.36	22.96	
24	Spectrogram 1	1	1658.001441759	1661.009157259	358.500	900.300	3.0077	-44.19	12.56	
25	Spectrogram 1	1	1663.724084680	1664.565403680	661.334	980.034	0.8413	-36.37	21.83	
26	Spectrogram 1	1	1665.666343418	1666.444563518	605.247	1043.447	0.7782	-30.60	25.60	
27	Spectrogram 1	1	1667.574265080	1668.226287380	609.870	1024.170	0.6520	-30.49	24.25	
28	Spectrogram 1	1	1669.279585914	1670.078839014	786.238	1096.938	0.7993	-38.45	21.32	
29	Spectrogram 1	1	1671.301035257	1672.142354357	736.526	1007.426	0.8413	-33.34	26.82	
30	Spectrogram 1	1	1675.167389459	1676.050774359	23.900	255.000	0.8834	-54.20	11.13	
31	Spectrogram 1	1	1677.712379459	1678.490599559	47.800	247.000	0.7782	-57.02	10.57	
32	Spectrogram 1	1	1680.047039759	1681.035589559	39.800	239.000	0.9885	-55.38	12.76	
33	Spectrogram 1	1	1682.592029759	1683.580579659	31.900	247.000	0.9885	-53.02	12.86	
34	Spectrogram 1	1	1685.049673559	1685.954091559	31.900	207.200	0.9044	-53.70	12.08	
35	Spectrogram 1	1	1689.719000000	1689.951349352	0.000	8000.000	0.2323	-32.96	21.05	Phaser
36	Spectrogram 1	1	1692.760664249	1694.788440415	0.000	8000.000	2.0278	-31.52	20.45	Upsweep
37	Spectrogram 1	1	1696.752848576	1698.894320689	0.000	8000.000	2.1415	-31.81	20.33	Downsweep
38	Spectrogram 1	1	1701.780043659	1703.850065159	0.000	8000.000	2.0700	-31.57	20.98	
39	Spectrogram 1	1	1705.732874169	1707.845141009	0.000	8000.000	2.1123	-31.70	20.38	
40	Spectrogram 1	1	1710.738946579	1712.830090749	0.000	8000.000	2.0911	-31.68	20.74	
41	Spectrogram 1	1	1714.773376239	1716.885643079	0.000	8000.000	2.1123	-31.87	20.23	
42	Spectrogram 1	1	1718.776121899	1719.029593919	0.000	8000.000	0.2535	-32.79	20.11	
43	Spectrogram 1	1	1728.105218779	1732.593901599	580.000	1080.800	4.4887	-34.67	25.81	
44	Spectrogram 1	1	1743.501931729	1745.037338949	143.400	470.100	1.5354	-56.68	11.32	
45	Spectrogram 1	1	1746.062701289	1747.093317089	159.300	709.100	1.0306	-43.59	12.88	
46	Spectrogram 1	1	1732.638519279	1739.435279029	580.000	1526.500	6.7968	-34.06	24.09	
47	Spectrogram 1	1	1748.337806709	1749.111179809	326.700	756.900	0.7734	-40.12	19.96	
48	Spectrogram 1	1	1750.464582729	1751.446171669	294.800	669.300	0.9816	-42.82	14.28	
49	Spectrogram 1	1	1752.992917869	1753.810908649	318.700	693.200	0.8180	-42.02	18.39	
50	Spectrogram 1	1	1755.508821669	1756.311939889	278.900	605.500	0.8031	-43.93	14.38	
51	Spectrogram 1	1	1758.304862879	1759.167471339	294.800	701.100	0.8626	-41.14	19.85	
52	Spectrogram 1	1	1761.108773909	1762.224215879	255.000	669.300	1.1154	-47.35	12.46	
53	Spectrogram 1	1	1764.172521189	1765.496178999	159.300	390.400	1.3237	-58.01	11.79	
54	Spectrogram 1	1	1767.724782179	1769.063312549	127.500	398.400	1.3385	-57.94	10.00	
55	Spectrogram 1	1	1771.241002369	1772.787748569	127.500	398.400	1.5467	-57.85	10.80	
56	Spectrogram 1	1	1795.052321659	1802.245599259	589.600	1381.600	7.1933	-37.25	17.04	
57	Spectrogram 1	1	1802.413863059	1807.083183659	748.900	1593.500	4.6693	-32.45	23.44	
58	Spectrogram 1	1	1807.470441759	1810.478157259	358.500	900.300	3.0077	-44.10	12.71	
59	Spectrogram 1	1	1813.193084680	1814.034403680	661.334	980.034	0.8413	-35.97	21.33	
60	Spectrogram 1	1	1815.135343418	1815.913563518	605.247	1043.447	0.7782	-30.79	24.59	
61	Spectrogram 1	1	1817.043265080	1817.695287380	609.870	1024.170	0.6520	-30.32	24.44	
62	Spectrogram 1	1	1818.748585914	1819.547839014	786.238	1096.938	0.7993	-38.18	21.76	
63	Spectrogram 1	1	1820.770035257	1821.611354357	736.526	1007.426	0.8413	-33.51	26.54	
64	Spectrogram 1	1	1824.636389459	1825.519774359	23.900	255.000	0.8834	-53.32	12.71	
65	Spectrogram 1	1	1827.181379459	1827.959599559	47.800	247.000	0.7782	-56.54	13.01	
66	Spectrogram 1	1	1829.516039759	1830.504589559	39.800	239.000	0.9885	-55.08	11.48	
67	Spectrogram 1	1	1832.061029759	1833.049579659	31.900	247.000	0.9885	-52.74	13.81	
68	Spectrogram 1	1	1834.518673559	1835.423091559	31.900	207.200	0.9044	-53.23	15.38	
69	Spectrogram 1	1	1839.150000000	1839.382349352	0.000	8000.000	0.2323	-32.87	20.28	Phaser
70	Spectrogram 1	1	1842.191664249	1844.219440415	0.000	8000.000	2.0278	-31.53	20.42	Upsweep
71	Spectrogram 1	1	1846.183848576	1848.325320689	0.000	8000.000	2.1415	-31.74	19.91	Downsweep
72	Spectrogram 1	1	1851.211043659	1853.281065159	0.000	8000.000	2.0700	-31.58	19.79	
73	Spectrogram 1	1	1855.163874169	1857.276141009	0.000	8000.000	2.1123	-31.78	20.26	
74	Spectrogram 1	1	1860.169946579	1862.261090749	0.000	8000.000	2.0911	-31.65	20.07	
75	Spectrogram 1	1	1864.204376239	1866.316643079	0.000	8000.000	2.1123	-31.76	19.54	
76	Spectrogram 1	1	1868.207121899	1868.460593919	0.000	8000.000	0.2535	-32.87	20.58	
77	Spectrogram 1	1	1877.536218779	1882.024901599	580.000	1080.800	4.4887	-34.80	25.94	
78	Spectrogram 1	1	1892.932931729	1894.468338949	143.400	470.100	1.5354	-56.86	10.60	
79	Spectrogram 1	1	1895.493701289	1896.524317089	159.300	709.100	1.0306	-43.76	12.40	
80	Spectrogram 1	1	1882.069519279	1888.866279029	580.000	1526.500	6.7968	-34.04	24.55	
81	Spectrogram 1	1	1897.768806709	1898.542179809	326.700	756.900	0.7734	-40.18	20.66	
82	Spectrogram 1	1	1899.895582729	1900.877171669	294.800	669.300	0.9816	-42.64	13.22	
83	Spectrogram 1	1	1902.423917869	1903.241908649	318.700	693.200	0.8180	-41.89	18.28	
84	Spectrogram 1	1	1904.939821669	1905.742939889	278.900	605.500	0.8031	-44.08	13.56	
85	Spectrogram 1	1	1907.735862879	1908.598471339	294.800	701.100	0.8626	-40.98	18.49	
86	Spectrogram 1	1	1910.539773909	1911.655215879	255.000	669.300	1.1154	-47.18	12.51	
87	Spectrogram 1	1	1913.603521189	1914.927178999	159.300	390.400	1.3237	-57.64	10.57	
88	Spectrogram 1	1	1917.155782179	1918.494312549	127.500	398.400	1.3385	-57.75	10.45	
89	Spectrogram 1	1	1920.672002369	1922.218748569	127.500	398.400	1.5467	-58.05	10.48	
90	Spectrogram 1	1	1944.483321659	1951.676599259	589.600	1381.600	7.1933	-37.26	17.70	
91	Spectrogram 1	1	1951.844863059	1956.514183659	748.900	1593.500	4.6693	-32.41	22.92	
92	Spectrogram 1	1	1956.901441759	1959.909157259	358.500	900.300	3.0077	-44.59	12.43	
93	Spectrogram 1	1	1962.624084680	1963.465403680	661.334	980.034	0.8413	-36.30	22.54	
94	Spectrogram 1	1	1964.566343418	1965.344563518	605.247	1043.447	0.7782	-30.66	26.11	
95	Spectrogram 1	1	1966.474265080	1967.126287380	609.870	1024.170	0.6520	-30.39	25.66	
96	Spectrogram 1	1	1968.179585914	1968.978839014	786.238	1096.938	0.7993	-38.48	22.49	
97	Spectrogram 1	1	1970.201035257	1971.042354357	736.526	1007.426	0.8413	-33.37	27.77	
98	Spectrogram 1	1	1974.067389459	1974.950774359	23.900	255.000	0.8834	-52.75	13.92	
99	Spectrogram 1	1	1976.612379459	1977.390599559	47.800	247.000	0.7782	-56.27	11.35	
100	Spectrogram 1	1	1978.947039759	1979.935589559	39.800	239.000	0.9885	-55.15	12.82	
101	Spectrogram 1	1	1981.492029759	1982.480579659	31.900	247.000	0.9885	-52.80	14.15	
102	Spectrogram 1	1	1983.949673559	1984.854091559	31.900	207.200	0.9044	-52.38	13.96	
