Selection	View	Channel	Begin Time (s)	End Time (s)	Low Freq (Hz)	High Freq (Hz)	Delta Time (s)	Inband Power (dB FS)	SNR NIST Quick (dB FS)	Sound Type
1	Spectrogram 1	1	1995.150000000	1995.382349352	0.000	8000.000	0.2323	-32.31	15.31	Phaser
2	Spectrogram 1	1	1998.191664249	2000.219440415	0.000	8000.000	2.0278	-32.14	15.39	Upsweep
3	Spectrogram 1	1	2002.183848576	2004.325320689	0.000	8000.000	2.1415	-32.19	15.41	Downsweep
4	Spectrogram 1	1	2007.211043659	2009.281065159	0.000	8000.000	2.0700	-32.34	15.51	
5	Spectrogram 1	1	2011.163874169	2013.276141009	0.000	8000.000	2.1123	-32.33	14.81	
6	Spectrogram 1	1	2016.169946579	2018.261090749	0.000	8000.000	2.0911	-32.20	14.96	
7	Spectrogram 1	1	2020.204376239	2022.316643079	0.000	8000.000	2.1123	-31.99	15.63	
8	Spectrogram 1	1	2024.207121899	2024.460593919	0.000	8000.000	0.2535	-31.70	15.75	
9	Spectrogram 1	1	2033.536218779	2038.024901599	580.000	1080.800	4.4887	-56.64	13.11	
10	Spectrogram 1	1	2048.932931729	2050.468338949	143.400	470.100	1.5354	-58.48	10.28	
11	Spectrogram 1	1	2051.493701289	2052.524317089	159.300	709.100	1.0306	-57.63	11.08	
12	Spectrogram 1	1	2038.069519279	2044.866279029	580.000	1526.500	6.7968	-55.66	12.57	
13	Spectrogram 1	1	2053.768806709	2054.542179809	326.700	756.900	0.7734	-58.24	10.93	
14	Spectrogram 1	1	2055.895582729	2056.877171669	294.800	669.300	0.9816	-59.79	11.18	
15	Spectrogram 1	1	2058.423917869	2059.241908649	318.700	693.200	0.8180	-59.64	10.96	
16	Spectrogram 1	1	2060.939821669	2061.742939889	278.900	605.500	0.8031	-59.64	9.35	
17	Spectrogram 1	1	2063.735862879	2064.598471339	294.800	701.100	0.8626	-59.03	10.78	
18	Spectrogram 1	1	2066.539773909	2067.655215879	255.000	669.300	1.1154	-58.75	10.91	
19	Spectrogram 1	1	2069.603521189	2070.927178999	159.300	390.400	1.3237	-59.62	10.95	
20	Spectrogram 1	1	2073.155782179	2074.494312549	127.500	398.400	1.3385	-57.92	10.34	
21	Spectrogram 1	1	2076.672002369	2078.218748569	127.500	398.400	1.5467	-58.83	10.80	
22	Spectrogram 1	1	2100.483321659	2107.676599259	589.600	1381.600	7.1933	-56.21	12.84	
23	Spectrogram 1	1	2107.844863059	2112.514183659	748.900	1593.500	4.6693	-56.77	12.13	
24	Spectrogram 1	1	2112.901441759	2115.909157259	358.500	900.300	3.0077	-58.90	12.21	
25	Spectrogram 1	1	2118.624084680	2119.465403680	661.334	980.034	0.8413	-62.86	11.37	
26	Spectrogram 1	1	2120.566343418	2121.344563518	605.247	1043.447	0.7782	-56.08	12.74	
27	Spectrogram 1	1	2122.474265080	2123.126287380	609.870	1024.170	0.6520	-60.75	11.95	
28	Spectrogram 1	1	2124.179585914	2124.978839014	786.238	1096.938	0.7993	-60.58	13.40	
29	Spectrogram 1	1	2126.201035257	2127.042354357	736.526	1007.426	0.8413	-61.76	11.98	
30	Spectrogram 1	1	2130.067389459	2130.950774359	23.900	255.000	0.8834	-52.91	14.21	
31	Spectrogram 1	1	2132.612379459	2133.390599559	47.800	247.000	0.7782	-57.67	12.03	
32	Spectrogram 1	1	2134.947039759	2135.935589559	39.800	239.000	0.9885	-55.81	12.11	
33	Spectrogram 1	1	2137.492029759	2138.480579659	31.900	247.000	0.9885	-53.00	13.61	
34	Spectrogram 1	1	2139.949673559	2140.854091559	31.900	207.200	0.9044	-53.49	14.56	
35	Spectrogram 1	1	2144.619000000	2144.851349352	0.000	8000.000	0.2323	-32.13	15.48	Phaser
36	Spectrogram 1	1	2147.660664249	2149.688440415	0.000	8000.000	2.0278	-32.24	15.55	Upsweep
37	Spectrogram 1	1	2151.652848576	2153.794320689	0.000	8000.000	2.1415	-32.27	15.05	Downsweep
38	Spectrogram 1	1	2156.680043659	2158.750065159	0.000	8000.000	2.0700	-32.32	14.75	
39	Spectrogram 1	1	2160.632874169	2162.745141009	0.000	8000.000	2.1123	-32.43	14.35	
40	Spectrogram 1	1	2165.638946579	2167.730090749	0.000	8000.000	2.0911	-32.46	14.03	
41	Spectrogram 1	1	2169.673376239	2171.785643079	0.000	8000.000	2.1123	-32.52	13.76	
42	Spectrogram 1	1	2173.676121899	2173.929593919	0.000	8000.000	0.2535	-32.52	13.45	
43	Spectrogram 1	1	2183.005218779	2187.493901599	580.000	1080.800	4.4887	-55.69	13.72	
44	Spectrogram 1	1	2198.401931729	2199.937338949	143.400	470.100	1.5354	-58.54	10.04	
45	Spectrogram 1	1	2200.962701289	2201.993317089	159.300	709.100	1.0306	-57.46	11.25	
46	Spectrogram 1	1	2187.538519279	2194.335279029	580.000	1526.500	6.7968	-55.45	12.97	
47	Spectrogram 1	1	2203.237806709	2204.011179809	326.700	756.900	0.7734	-57.58	11.70	
48	Spectrogram 1	1	2205.364582729	2206.346171669	294.800	669.300	0.9816	-59.01	10.32	
49	Spectrogram 1	1	2207.892917869	2208.710908649	318.700	693.200	0.8180	-59.48	10.48	
50	Spectrogram 1	1	2210.408821669	2211.211939889	278.900	605.500	0.8031	-59.42	10.36	
51	Spectrogram 1	1	2213.204862879	2214.067471339	294.800	701.100	0.8626	-58.64	10.35	
52	Spectrogram 1	1	2216.008773909	2217.124215879	255.000	669.300	1.1154	-58.56	10.17	
53	Spectrogram 1	1	2219.072521189	2220.396178999	159.300	390.400	1.3237	-59.90	10.68	
54	Spectrogram 1	1	2222.624782179	2223.963312549	127.500	398.400	1.3385	-59.55	10.62	
55	Spectrogram 1	1	2226.141002369	2227.687748569	127.500	398.400	1.5467	-59.17	10.42	
56	Spectrogram 1	1	2249.952321659	2257.145599259	589.600	1381.600	7.1933	-58.81	12.43	
57	Spectrogram 1	1	2257.313863059	2261.983183659	748.900	1593.500	4.6693	-58.41	12.40	
58	Spectrogram 1	1	2262.370441759	2265.378157259	358.500	900.300	3.0077	-59.05	11.59	
59	Spectrogram 1	1	2268.093084680	2268.934403680	661.334	980.034	0.8413	-61.11	11.67	
60	Spectrogram 1	1	2270.035343418	2270.813563518	605.247	1043.447	0.7782	-58.03	12.33	
61	Spectrogram 1	1	2271.943265080	2272.595287380	609.870	1024.170	0.6520	-59.38	12.10	
62	Spectrogram 1	1	2273.648585914	2274.447839014	786.238	1096.938	0.7993	-60.49	11.54	
63	Spectrogram 1	1	2275.670035257	2276.511354357	736.526	1007.426	0.8413	-62.30	11.96	
64	Spectrogram 1	1	2279.536389459	2280.419774359	23.900	255.000	0.8834	-52.94	13.99	
65	Spectrogram 1	1	2282.081379459	2282.859599559	47.800	247.000	0.7782	-56.62	11.37	
66	Spectrogram 1	1	2284.416039759	2285.404589559	39.800	239.000	0.9885	-54.86	13.08	
67	Spectrogram 1	1	2286.961029759	2287.949579659	31.900	247.000	0.9885	-52.53	15.22	
68	Spectrogram 1	1	2289.418673559	2290.323091559	31.900	207.200	0.9044	-52.40	12.33	
69	Spectrogram 1	1	2294.050000000	2294.282349352	0.000	8000.000	0.2323	-32.23	14.83	Phaser
70	Spectrogram 1	1	2297.091664249	2299.119440415	0.000	8000.000	2.0278	-32.28	14.53	Upsweep
71	Spectrogram 1	1	2301.083848576	2303.225320689	0.000	8000.000	2.1415	-32.49	14.20	Downsweep
72	Spectrogram 1	1	2306.111043659	2308.181065159	0.000	8000.000	2.0700	-32.44	14.13	
73	Spectrogram 1	1	2310.063874169	2312.176141009	0.000	8000.000	2.1123	-32.15	15.13	
74	Spectrogram 1	1	2315.069946579	2317.161090749	0.000	8000.000	2.0911	-31.92	15.59	
75	Spectrogram 1	1	2319.104376239	2321.216643079	0.000	8000.000	2.1123	-32.14	15.46	
76	Spectrogram 1	1	2323.107121899	2323.360593919	0.000	8000.000	0.2535	-32.30	15.48	
77	Spectrogram 1	1	2332.436218779	2336.924901599	580.000	1080.800	4.4887	-57.10	12.53	
78	Spectrogram 1	1	2347.832931729	2349.368338949	143.400	470.100	1.5354	-58.76	9.65	
79	Spectrogram 1	1	2350.393701289	2351.424317089	159.300	709.100	1.0306	-57.25	10.58	
80	Spectrogram 1	1	2336.969519279	2343.766279029	580.000	1526.500	6.7968	-56.46	12.64	
81	Spectrogram 1	1	2352.668806709	2353.442179809	326.700	756.900	0.7734	-56.70	11.32	
82	Spectrogram 1	1	2354.795582729	2355.777171669	294.800	669.300	0.9816	-59.28	10.56	
83	Spectrogram 1	1	2357.323917869	2358.141908649	318.700	693.200	0.8180	-59.01	10.93	
84	Spectrogram 1	1	2359.839821669	2360.642939889	278.900	605.500	0.8031	-59.30	10.68	
85	Spectrogram 1	1	2362.635862879	2363.498471339	294.800	701.100	0.8626	-58.32	11.03	
86	Spectrogram 1	1	2365.439773909	2366.555215879	255.000	669.300	1.1154	-58.75	11.40	
87	Spectrogram 1	1	2368.503521189	2369.827178999	159.300	390.400	1.3237	-59.62	9.62	
88	Spectrogram 1	1	2372.055782179	2373.394312549	127.500	398.400	1.3385	-58.68	11.09	
89	Spectrogram 1	1	2375.572002369	2377.118748569	127.500	398.400	1.5467	-58.51	11.22	
90	Spectrogram 1	1	2399.383321659	2406.576599259	589.600	1381.600	7.1933	-56.69	12.45	
91	Spectrogram 1	1	2406.744863059	2411.414183659	748.900	1593.500	4.6693	-56.73	12.48	
92	Spectrogram 1	1	2411.801441759	2414.809157259	358.500	900.300	3.0077	-59.24	11.08	
93	Spectrogram 1	1	2417.524084680	2418.365403680	661.334	980.034	0.8413	-62.39	10.57	
94	Spectrogram 1	1	2419.466343418	2420.244563518	605.247	1043.447	0.7782	-58.66	11.25	
95	Spectrogram 1	1	2421.374265080	2422.026287380	609.870	1024.170	0.6520	-60.34	11.38	
96	Spectrogram 1	1	2423.079585914	2423.878839014	786.238	1096.938	0.7993	-60.35	11.23	
97	Spectrogram 1	1	2425.101035257	2425.942354357	736.526	1007.426	0.8413	-62.82	11.98	
98	Spectrogram 1	1	2428.967389459	2429.850774359	23.900	255.000	0.8834	-52.94	15.69	
99	Spectrogram 1	1	2431.512379459	2432.290599559	47.800	247.000	0.7782	-56.11	11.80	
100	Spectrogram 1	1	2433.847039759	2434.835589559	39.800	239.000	0.9885	-54.74	12.67	
101	Spectrogram 1	1	2436.392029759	2437.380579659	31.900	247.000	0.9885	-52.63	14.19	
102	Spectrogram 1	1	2438.849673559	2439.754091559	31.900	207.200	0.9044	-52.80	15.06	
