Selection	View	Channel	Begin Time (s)	End Time (s)	Low Freq (Hz)	High Freq (Hz)	Delta Time (s)	Inband Power (dB FS)	SNR NIST Quick (dB FS)	Sound Type
1	Spectrogram 1	1	2379.125000000	2379.357349352	0.000	8000.000	0.2323	-33.22	13.75	Phaser
2	Spectrogram 1	1	2382.166664249	2384.194440415	0.000	8000.000	2.0278	-33.16	13.97	Upsweep
3	Spectrogram 1	1	2386.158848576	2388.300320689	0.000	8000.000	2.1415	-33.04	14.70	Downsweep
4	Spectrogram 1	1	2391.186043659	2393.256065159	0.000	8000.000	2.0700	-32.92	14.42	
5	Spectrogram 1	1	2395.138874169	2397.251141009	0.000	8000.000	2.1123	-32.89	14.47	
6	Spectrogram 1	1	2400.144946579	2402.236090749	0.000	8000.000	2.0911	-33.01	14.40	
7	Spectrogram 1	1	2404.179376239	2406.291643079	0.000	8000.000	2.1123	-33.14	13.92	
8	Spectrogram 1	1	2408.182121899	2408.435593919	0.000	8000.000	0.2535	-33.20	13.29	
9	Spectrogram 1	1	2417.511218779	2421.999901599	580.000	1080.800	4.4887	-60.61	11.21	
10	Spectrogram 1	1	2432.907931729	2434.443338949	143.400	470.100	1.5354	-59.75	11.17	
11	Spectrogram 1	1	2435.468701289	2436.499317089	159.300	709.100	1.0306	-58.31	11.65	
12	Spectrogram 1	1	2422.044519279	2428.841279029	580.000	1526.500	6.7968	-55.53	11.80	
13	Spectrogram 1	1	2437.743806709	2438.517179809	326.700	756.900	0.7734	-60.76	10.61	
14	Spectrogram 1	1	2439.870582729	2440.852171669	294.800	669.300	0.9816	-61.51	10.89	
15	Spectrogram 1	1	2442.398917869	2443.216908649	318.700	693.200	0.8180	-61.15	10.48	
16	Spectrogram 1	1	2444.914821669	2445.717939889	278.900	605.500	0.8031	-61.65	10.14	
17	Spectrogram 1	1	2447.710862879	2448.573471339	294.800	701.100	0.8626	-61.16	10.33	
18	Spectrogram 1	1	2450.514773909	2451.630215879	255.000	669.300	1.1154	-60.32	10.70	
19	Spectrogram 1	1	2453.578521189	2454.902178999	159.300	390.400	1.3237	-60.28	9.91	
20	Spectrogram 1	1	2457.130782179	2458.469312549	127.500	398.400	1.3385	-59.48	9.97	
21	Spectrogram 1	1	2460.647002369	2462.193748569	127.500	398.400	1.5467	-59.25	10.95	
22	Spectrogram 1	1	2484.458321659	2491.651599259	589.600	1381.600	7.1933	-58.90	11.02	
23	Spectrogram 1	1	2491.819863059	2496.489183659	748.900	1593.500	4.6693	-52.67	13.78	
24	Spectrogram 1	1	2496.876441759	2499.884157259	358.500	900.300	3.0077	-58.85	10.57	
25	Spectrogram 1	1	2502.599084680	2503.440403680	661.334	980.034	0.8413	-59.71	11.16	
26	Spectrogram 1	1	2504.541343418	2505.319563518	605.247	1043.447	0.7782	-52.48	13.12	
27	Spectrogram 1	1	2506.449265080	2507.101287380	609.870	1024.170	0.6520	-60.97	11.57	
28	Spectrogram 1	1	2508.154585914	2508.953839014	786.238	1096.938	0.7993	-62.97	10.74	
29	Spectrogram 1	1	2510.176035257	2511.017354357	736.526	1007.426	0.8413	-56.09	14.41	
30	Spectrogram 1	1	2514.042389459	2514.925774359	23.900	255.000	0.8834	-50.56	17.14	
31	Spectrogram 1	1	2516.587379459	2517.365599559	47.800	247.000	0.7782	-54.27	12.92	
32	Spectrogram 1	1	2518.922039759	2519.910589559	39.800	239.000	0.9885	-52.12	15.00	
33	Spectrogram 1	1	2521.467029759	2522.455579659	31.900	247.000	0.9885	-50.32	16.19	
34	Spectrogram 1	1	2523.924673559	2524.829091559	31.900	207.200	0.9044	-50.95	16.61	
35	Spectrogram 1	1	2528.594000000	2528.826349352	0.000	8000.000	0.2323	-32.24	15.81	Phaser
36	Spectrogram 1	1	2531.635664249	2533.663440415	0.000	8000.000	2.0278	-32.55	15.85	Upsweep
37	Spectrogram 1	1	2535.627848576	2537.769320689	0.000	8000.000	2.1415	-32.29	15.95	Downsweep
38	Spectrogram 1	1	2540.655043659	2542.725065159	0.000	8000.000	2.0700	-32.57	15.58	
39	Spectrogram 1	1	2544.607874169	2546.720141009	0.000	8000.000	2.1123	-32.15	16.40	
40	Spectrogram 1	1	2549.613946579	2551.705090749	0.000	8000.000	2.0911	-32.80	15.45	
41	Spectrogram 1	1	2553.648376239	2555.760643079	0.000	8000.000	2.1123	-32.42	16.24	
42	Spectrogram 1	1	2557.651121899	2557.904593919	0.000	8000.000	0.2535	-32.56	15.61	
43	Spectrogram 1	1	2566.980218779	2571.468901599	580.000	1080.800	4.4887	-57.80	11.80	
44	Spectrogram 1	1	2582.376931729	2583.912338949	143.400	470.100	1.5354	-59.66	10.69	
45	Spectrogram 1	1	2584.937701289	2585.968317089	159.300	709.100	1.0306	-58.42	11.04	
46	Spectrogram 1	1	2571.513519279	2578.310279029	580.000	1526.500	6.7968	-54.67	11.82	
47	Spectrogram 1	1	2587.212806709	2587.986179809	326.700	756.900	0.7734	-60.99	11.02	
48	Spectrogram 1	1	2589.339582729	2590.321171669	294.800	669.300	0.9816	-61.21	10.93	
49	Spectrogram 1	1	2591.867917869	2592.685908649	318.700	693.200	0.8180	-61.49	11.28	
50	Spectrogram 1	1	2594.383821669	2595.186939889	278.900	605.500	0.8031	-54.46	10.50	
51	Spectrogram 1	1	2597.179862879	2598.042471339	294.800	701.100	0.8626	-61.32	9.94	
52	Spectrogram 1	1	2599.983773909	2601.099215879	255.000	669.300	1.1154	-60.29	10.99	
53	Spectrogram 1	1	2603.047521189	2604.371178999	159.300	390.400	1.3237	-60.23	9.93	
54	Spectrogram 1	1	2606.599782179	2607.938312549	127.500	398.400	1.3385	-58.60	10.88	
55	Spectrogram 1	1	2610.116002369	2611.662748569	127.500	398.400	1.5467	-58.86	11.09	
56	Spectrogram 1	1	2633.927321659	2641.120599259	589.600	1381.600	7.1933	-55.76	11.56	
57	Spectrogram 1	1	2641.288863059	2645.958183659	748.900	1593.500	4.6693	-51.94	14.49	
58	Spectrogram 1	1	2646.345441759	2649.353157259	358.500	900.300	3.0077	-50.69	16.11	
59	Spectrogram 1	1	2652.068084680	2652.909403680	661.334	980.034	0.8413	-62.39	10.68	
60	Spectrogram 1	1	2654.010343418	2654.788563518	605.247	1043.447	0.7782	-58.20	12.89	
61	Spectrogram 1	1	2655.918265080	2656.570287380	609.870	1024.170	0.6520	-55.60	13.21	
62	Spectrogram 1	1	2657.623585914	2658.422839014	786.238	1096.938	0.7993	-54.08	16.41	
63	Spectrogram 1	1	2659.645035257	2660.486354357	736.526	1007.426	0.8413	-62.96	10.25	
64	Spectrogram 1	1	2663.511389459	2664.394774359	23.900	255.000	0.8834	-52.66	13.92	
65	Spectrogram 1	1	2666.056379459	2666.834599559	47.800	247.000	0.7782	-54.66	14.32	
66	Spectrogram 1	1	2668.391039759	2669.379589559	39.800	239.000	0.9885	-52.89	13.21	
67	Spectrogram 1	1	2670.936029759	2671.924579659	31.900	247.000	0.9885	-51.08	16.79	
68	Spectrogram 1	1	2673.393673559	2674.298091559	31.900	207.200	0.9044	-52.66	13.62	
69	Spectrogram 1	1	2678.025000000	2678.257349352	0.000	8000.000	0.2323	-32.79	16.20	Phaser
70	Spectrogram 1	1	2681.066664249	2683.094440415	0.000	8000.000	2.0278	-32.54	15.85	Upsweep
71	Spectrogram 1	1	2685.058848576	2687.200320689	0.000	8000.000	2.1415	-32.73	15.77	Downsweep
72	Spectrogram 1	1	2690.086043659	2692.156065159	0.000	8000.000	2.0700	-32.47	15.56	
73	Spectrogram 1	1	2694.038874169	2696.151141009	0.000	8000.000	2.1123	-32.58	15.32	
74	Spectrogram 1	1	2699.044946579	2701.136090749	0.000	8000.000	2.0911	-32.54	15.78	
75	Spectrogram 1	1	2703.079376239	2705.191643079	0.000	8000.000	2.1123	-32.55	16.13	
76	Spectrogram 1	1	2707.082121899	2707.335593919	0.000	8000.000	0.2535	-31.63	16.74	
77	Spectrogram 1	1	2716.411218779	2720.899901599	580.000	1080.800	4.4887	-59.77	11.43	
78	Spectrogram 1	1	2731.807931729	2733.343338949	143.400	470.100	1.5354	-59.64	10.67	
79	Spectrogram 1	1	2734.368701289	2735.399317089	159.300	709.100	1.0306	-58.57	10.82	
80	Spectrogram 1	1	2720.944519279	2727.741279029	580.000	1526.500	6.7968	-48.62	14.71	
81	Spectrogram 1	1	2736.643806709	2737.417179809	326.700	756.900	0.7734	-61.12	10.74	
82	Spectrogram 1	1	2738.770582729	2739.752171669	294.800	669.300	0.9816	-61.17	10.04	
83	Spectrogram 1	1	2741.298917869	2742.116908649	318.700	693.200	0.8180	-61.43	10.06	
84	Spectrogram 1	1	2743.814821669	2744.617939889	278.900	605.500	0.8031	-61.40	10.20	
85	Spectrogram 1	1	2746.610862879	2747.473471339	294.800	701.100	0.8626	-60.65	10.74	
86	Spectrogram 1	1	2749.414773909	2750.530215879	255.000	669.300	1.1154	-60.53	11.16	
87	Spectrogram 1	1	2752.478521189	2753.802178999	159.300	390.400	1.3237	-60.13	10.09	
88	Spectrogram 1	1	2756.030782179	2757.369312549	127.500	398.400	1.3385	-59.40	10.18	
89	Spectrogram 1	1	2759.547002369	2761.093748569	127.500	398.400	1.5467	-59.21	11.35	
90	Spectrogram 1	1	2783.358321659	2790.551599259	589.600	1381.600	7.1933	-52.60	12.91	
91	Spectrogram 1	1	2790.719863059	2795.389183659	748.900	1593.500	4.6693	-52.04	14.01	
92	Spectrogram 1	1	2795.776441759	2798.784157259	358.500	900.300	3.0077	-60.20	10.72	
93	Spectrogram 1	1	2801.499084680	2802.340403680	661.334	980.034	0.8413	-63.57	9.62	
94	Spectrogram 1	1	2803.441343418	2804.219563518	605.247	1043.447	0.7782	-56.72	11.97	
95	Spectrogram 1	1	2805.349265080	2806.001287380	609.870	1024.170	0.6520	-59.01	11.84	
96	Spectrogram 1	1	2807.054585914	2807.853839014	786.238	1096.938	0.7993	-56.78	12.07	
97	Spectrogram 1	1	2809.076035257	2809.917354357	736.526	1007.426	0.8413	-57.20	13.31	
98	Spectrogram 1	1	2812.942389459	2813.825774359	23.900	255.000	0.8834	-52.43	14.66	
99	Spectrogram 1	1	2815.487379459	2816.265599559	47.800	247.000	0.7782	-55.49	11.66	
100	Spectrogram 1	1	2817.822039759	2818.810589559	39.800	239.000	0.9885	-53.85	14.26	
101	Spectrogram 1	1	2820.367029759	2821.355579659	31.900	247.000	0.9885	-52.50	13.70	
102	Spectrogram 1	1	2822.824673559	2823.729091559	31.900	207.200	0.9044	-52.51	14.10	
