Selection	View	Channel	Begin Time (s)	End Time (s)	Low Freq (Hz)	High Freq (Hz)	Delta Time (s)	Inband Power (dB FS)	SNR NIST Quick (dB FS)	File Offset (s)	End File	Begin File	Sound Type
1	Spectrogram 1	1	1627.205000000	1627.437349352	0.000	8000.000	0.2323	-33.59	16.31	1627.2050	S00974_20190805_194417.wav	S00974_20190805_194417.wav	Phaser
2	Spectrogram 1	1	1630.246664249	1632.274440415	0.000	8000.000	2.0278	-33.41	15.82	1630.2467	S00974_20190805_194417.wav	S00974_20190805_194417.wav	Upsweep
3	Spectrogram 1	1	1634.238848576	1636.380320689	0.000	8000.000	2.1415	-33.43	15.60	1634.2388	S00974_20190805_194417.wav	S00974_20190805_194417.wav	Downsweep
4	Spectrogram 1	1	1639.266043659	1641.336065159	0.000	8000.000	2.0700	-33.43	16.21	1639.2660	S00974_20190805_194417.wav	S00974_20190805_194417.wav	
5	Spectrogram 1	1	1643.218874169	1645.331141009	0.000	8000.000	2.1123	-33.48	14.80	1643.2189	S00974_20190805_194417.wav	S00974_20190805_194417.wav	
6	Spectrogram 1	1	1648.224946579	1650.316090749	0.000	8000.000	2.0911	-33.44	16.60	1648.2249	S00974_20190805_194417.wav	S00974_20190805_194417.wav	
7	Spectrogram 1	1	1652.259376239	1654.371643079	0.000	8000.000	2.1123	-33.47	15.84	1652.2594	S00974_20190805_194417.wav	S00974_20190805_194417.wav	
8	Spectrogram 1	1	1656.262121899	1656.515593919	0.000	8000.000	0.2535	-33.50	17.07	1656.2621	S00974_20190805_194417.wav	S00974_20190805_194417.wav	
9	Spectrogram 1	1	1665.591218779	1670.079901599	580.000	1080.800	4.4887	-46.57	22.88	1665.5912	S00974_20190805_194417.wav	S00974_20190805_194417.wav	
10	Spectrogram 1	1	1680.987931729	1682.523338949	143.400	470.100	1.5354	-57.58	12.02	1680.9879	S00974_20190805_194417.wav	S00974_20190805_194417.wav	
11	Spectrogram 1	1	1683.548701289	1684.579317089	159.300	709.100	1.0306	-48.61	14.24	1683.5487	S00974_20190805_194417.wav	S00974_20190805_194417.wav	
12	Spectrogram 1	1	1670.124519279	1676.921279029	580.000	1526.500	6.7968	-50.00	18.30	1670.1245	S00974_20190805_194417.wav	S00974_20190805_194417.wav	
13	Spectrogram 1	1	1685.823806709	1686.597179809	326.700	756.900	0.7734	-46.35	22.56	1685.8238	S00974_20190805_194417.wav	S00974_20190805_194417.wav	
14	Spectrogram 1	1	1687.950582729	1688.932171669	294.800	669.300	0.9816	-47.48	20.36	1687.9506	S00974_20190805_194417.wav	S00974_20190805_194417.wav	
15	Spectrogram 1	1	1690.478917869	1691.296908649	318.700	693.200	0.8180	-49.83	20.45	1690.4789	S00974_20190805_194417.wav	S00974_20190805_194417.wav	
16	Spectrogram 1	1	1692.994821669	1693.797939889	278.900	605.500	0.8031	-49.92	16.78	1692.9948	S00974_20190805_194417.wav	S00974_20190805_194417.wav	
17	Spectrogram 1	1	1695.790862879	1696.653471339	294.800	701.100	0.8626	-46.68	21.57	1695.7909	S00974_20190805_194417.wav	S00974_20190805_194417.wav	
18	Spectrogram 1	1	1698.594773909	1699.710215879	255.000	669.300	1.1154	-50.61	17.07	1698.5948	S00974_20190805_194417.wav	S00974_20190805_194417.wav	
19	Spectrogram 1	1	1701.658521189	1702.982178999	159.300	390.400	1.3237	-56.02	13.16	1701.6585	S00974_20190805_194417.wav	S00974_20190805_194417.wav	
20	Spectrogram 1	1	1705.210782179	1706.549312549	127.500	398.400	1.3385	-56.80	13.10	1705.2108	S00974_20190805_194417.wav	S00974_20190805_194417.wav	
21	Spectrogram 1	1	1708.727002369	1710.273748569	127.500	398.400	1.5467	-57.69	12.19	1708.7270	S00974_20190805_194417.wav	S00974_20190805_194417.wav	
22	Spectrogram 1	1	1732.538321659	1739.731599259	589.600	1381.600	7.1933	-54.19	12.54	1732.5383	S00974_20190805_194417.wav	S00974_20190805_194417.wav	
23	Spectrogram 1	1	1739.899863059	1744.569183659	748.900	1593.500	4.6693	-48.94	19.36	1739.8999	S00974_20190805_194417.wav	S00974_20190805_194417.wav	
24	Spectrogram 1	1	1744.956441759	1747.964157259	358.500	900.300	3.0077	-55.96	11.97	1744.9564	S00974_20190805_194417.wav	S00974_20190805_194417.wav	
25	Spectrogram 1	1	1750.679084680	1751.520403680	661.334	980.034	0.8413	-51.42	17.61	1750.6791	S00974_20190805_194417.wav	S00974_20190805_194417.wav	
26	Spectrogram 1	1	1752.621343418	1753.399563518	605.247	1043.447	0.7782	-46.95	22.81	1752.6213	S00974_20190805_194417.wav	S00974_20190805_194417.wav	
27	Spectrogram 1	1	1754.529265080	1755.181287380	609.870	1024.170	0.6520	-46.64	23.76	1754.5293	S00974_20190805_194417.wav	S00974_20190805_194417.wav	
28	Spectrogram 1	1	1756.234585914	1757.033839014	786.238	1096.938	0.7993	-55.73	18.08	1756.2346	S00974_20190805_194417.wav	S00974_20190805_194417.wav	
29	Spectrogram 1	1	1758.256035257	1759.097354357	736.526	1007.426	0.8413	-49.12	25.21	1758.2560	S00974_20190805_194417.wav	S00974_20190805_194417.wav	
30	Spectrogram 1	1	1762.122389459	1763.005774359	23.900	255.000	0.8834	-50.85	13.30	1762.1224	S00974_20190805_194417.wav	S00974_20190805_194417.wav	
31	Spectrogram 1	1	1764.667379459	1765.445599559	47.800	247.000	0.7782	-51.30	14.59	1764.6674	S00974_20190805_194417.wav	S00974_20190805_194417.wav	
32	Spectrogram 1	1	1767.002039759	1767.990589559	39.800	239.000	0.9885	-50.09	15.14	1767.0020	S00974_20190805_194417.wav	S00974_20190805_194417.wav	
33	Spectrogram 1	1	1769.547029759	1770.535579659	31.900	247.000	0.9885	-50.02	14.04	1769.5470	S00974_20190805_194417.wav	S00974_20190805_194417.wav	
34	Spectrogram 1	1	1772.004673559	1772.909091559	31.900	207.200	0.9044	-53.14	13.83	1772.0047	S00974_20190805_194417.wav	S00974_20190805_194417.wav	
35	Spectrogram 1	1	1776.674000000	1776.906349352	0.000	8000.000	0.2323	-33.75	16.57	1776.6740	S00974_20190805_194417.wav	S00974_20190805_194417.wav	Phaser
36	Spectrogram 1	1	1779.715664249	1781.743440415	0.000	8000.000	2.0278	-33.36	17.03	1779.7157	S00974_20190805_194417.wav	S00974_20190805_194417.wav	Upsweep
37	Spectrogram 1	1	1783.707848576	1785.849320689	0.000	8000.000	2.1415	-33.46	15.22	1783.7078	S00974_20190805_194417.wav	S00974_20190805_194417.wav	Downsweep
38	Spectrogram 1	1	1788.735043659	1790.805065159	0.000	8000.000	2.0700	-33.41	16.75	1788.7350	S00974_20190805_194417.wav	S00974_20190805_194417.wav	
39	Spectrogram 1	1	1792.687874169	1794.800141009	0.000	8000.000	2.1123	-33.43	15.71	1792.6879	S00974_20190805_194417.wav	S00974_20190805_194417.wav	
40	Spectrogram 1	1	1797.693946579	1799.785090749	0.000	8000.000	2.0911	-33.39	16.45	1797.6939	S00974_20190805_194417.wav	S00974_20190805_194417.wav	
41	Spectrogram 1	1	1801.728376239	1803.840643079	0.000	8000.000	2.1123	-33.49	14.91	1801.7284	S00974_20190805_194417.wav	S00974_20190805_194417.wav	
42	Spectrogram 1	1	1805.731121899	1805.984593919	0.000	8000.000	0.2535	-33.63	15.39	1805.7311	S00974_20190805_194417.wav	S00974_20190805_194417.wav	
43	Spectrogram 1	1	1815.060218779	1819.548901599	580.000	1080.800	4.4887	-46.59	22.64	1815.0602	S00974_20190805_194417.wav	S00974_20190805_194417.wav	
44	Spectrogram 1	1	1830.456931729	1831.992338949	143.400	470.100	1.5354	-57.53	12.78	1830.4569	S00974_20190805_194417.wav	S00974_20190805_194417.wav	
45	Spectrogram 1	1	1833.017701289	1834.048317089	159.300	709.100	1.0306	-48.66	14.19	1833.0177	S00974_20190805_194417.wav	S00974_20190805_194417.wav	
46	Spectrogram 1	1	1819.593519279	1826.390279029	580.000	1526.500	6.7968	-50.17	18.79	1819.5935	S00974_20190805_194417.wav	S00974_20190805_194417.wav	
47	Spectrogram 1	1	1835.292806709	1836.066179809	326.700	756.900	0.7734	-46.46	22.43	1835.2928	S00974_20190805_194417.wav	S00974_20190805_194417.wav	
48	Spectrogram 1	1	1837.419582729	1838.401171669	294.800	669.300	0.9816	-47.36	19.51	1837.4196	S00974_20190805_194417.wav	S00974_20190805_194417.wav	
49	Spectrogram 1	1	1839.947917869	1840.765908649	318.700	693.200	0.8180	-49.52	21.29	1839.9479	S00974_20190805_194417.wav	S00974_20190805_194417.wav	
50	Spectrogram 1	1	1842.463821669	1843.266939889	278.900	605.500	0.8031	-49.71	17.11	1842.4638	S00974_20190805_194417.wav	S00974_20190805_194417.wav	
51	Spectrogram 1	1	1845.259862879	1846.122471339	294.800	701.100	0.8626	-46.75	21.42	1845.2599	S00974_20190805_194417.wav	S00974_20190805_194417.wav	
52	Spectrogram 1	1	1848.063773909	1849.179215879	255.000	669.300	1.1154	-50.52	15.66	1848.0638	S00974_20190805_194417.wav	S00974_20190805_194417.wav	
53	Spectrogram 1	1	1851.127521189	1852.451178999	159.300	390.400	1.3237	-56.14	13.38	1851.1275	S00974_20190805_194417.wav	S00974_20190805_194417.wav	
54	Spectrogram 1	1	1854.679782179	1856.018312549	127.500	398.400	1.3385	-56.83	12.47	1854.6798	S00974_20190805_194417.wav	S00974_20190805_194417.wav	
55	Spectrogram 1	1	1858.196002369	1859.742748569	127.500	398.400	1.5467	-57.97	12.46	1858.1960	S00974_20190805_194417.wav	S00974_20190805_194417.wav	
56	Spectrogram 1	1	1882.007321659	1889.200599259	589.600	1381.600	7.1933	-54.27	12.62	1882.0073	S00974_20190805_194417.wav	S00974_20190805_194417.wav	
57	Spectrogram 1	1	1889.368863059	1894.038183659	748.900	1593.500	4.6693	-49.14	19.56	1889.3689	S00974_20190805_194417.wav	S00974_20190805_194417.wav	
58	Spectrogram 1	1	1894.425441759	1897.433157259	358.500	900.300	3.0077	-55.64	11.74	1894.4254	S00974_20190805_194417.wav	S00974_20190805_194417.wav	
59	Spectrogram 1	1	1900.148084680	1900.989403680	661.334	980.034	0.8413	-51.54	16.53	1900.1481	S00974_20190805_194417.wav	S00974_20190805_194417.wav	
60	Spectrogram 1	1	1902.090343418	1902.868563518	605.247	1043.447	0.7782	-47.03	22.48	1902.0903	S00974_20190805_194417.wav	S00974_20190805_194417.wav	
61	Spectrogram 1	1	1903.998265080	1904.650287380	609.870	1024.170	0.6520	-46.72	23.80	1903.9983	S00974_20190805_194417.wav	S00974_20190805_194417.wav	
62	Spectrogram 1	1	1905.703585914	1906.502839014	786.238	1096.938	0.7993	-55.71	19.50	1905.7036	S00974_20190805_194417.wav	S00974_20190805_194417.wav	
63	Spectrogram 1	1	1907.725035257	1908.566354357	736.526	1007.426	0.8413	-49.11	24.99	1907.7250	S00974_20190805_194417.wav	S00974_20190805_194417.wav	
64	Spectrogram 1	1	1911.591389459	1912.474774359	23.900	255.000	0.8834	-50.48	13.80	1911.5914	S00974_20190805_194417.wav	S00974_20190805_194417.wav	
65	Spectrogram 1	1	1914.136379459	1914.914599559	47.800	247.000	0.7782	-51.43	14.61	1914.1364	S00974_20190805_194417.wav	S00974_20190805_194417.wav	
66	Spectrogram 1	1	1916.471039759	1917.459589559	39.800	239.000	0.9885	-50.00	14.02	1916.4710	S00974_20190805_194417.wav	S00974_20190805_194417.wav	
67	Spectrogram 1	1	1919.016029759	1920.004579659	31.900	247.000	0.9885	-49.98	14.29	1919.0160	S00974_20190805_194417.wav	S00974_20190805_194417.wav	
68	Spectrogram 1	1	1921.473673559	1922.378091559	31.900	207.200	0.9044	-52.59	14.30	1921.4737	S00974_20190805_194417.wav	S00974_20190805_194417.wav	
69	Spectrogram 1	1	1926.105000000	1926.337349352	0.000	8000.000	0.2323	-33.62	16.27	1926.1050	S00974_20190805_194417.wav	S00974_20190805_194417.wav	Phaser
70	Spectrogram 1	1	1929.146664249	1931.174440415	0.000	8000.000	2.0278	-33.44	16.13	1929.1467	S00974_20190805_194417.wav	S00974_20190805_194417.wav	Upsweep
71	Spectrogram 1	1	1933.138848576	1935.280320689	0.000	8000.000	2.1415	-33.44	15.41	1933.1388	S00974_20190805_194417.wav	S00974_20190805_194417.wav	Downsweep
72	Spectrogram 1	1	1938.166043659	1940.236065159	0.000	8000.000	2.0700	-33.43	15.97	1938.1660	S00974_20190805_194417.wav	S00974_20190805_194417.wav	
73	Spectrogram 1	1	1942.118874169	1944.231141009	0.000	8000.000	2.1123	-33.47	15.43	1942.1189	S00974_20190805_194417.wav	S00974_20190805_194417.wav	
74	Spectrogram 1	1	1947.124946579	1949.216090749	0.000	8000.000	2.0911	-33.37	16.40	1947.1249	S00974_20190805_194417.wav	S00974_20190805_194417.wav	
75	Spectrogram 1	1	1951.159376239	1953.271643079	0.000	8000.000	2.1123	-33.43	15.62	1951.1594	S00974_20190805_194417.wav	S00974_20190805_194417.wav	
76	Spectrogram 1	1	1955.162121899	1955.415593919	0.000	8000.000	0.2535	-33.75	16.57	1955.1621	S00974_20190805_194417.wav	S00974_20190805_194417.wav	
77	Spectrogram 1	1	1964.491218779	1968.979901599	580.000	1080.800	4.4887	-46.83	22.68	1964.4912	S00974_20190805_194417.wav	S00974_20190805_194417.wav	
78	Spectrogram 1	1	1979.887931729	1981.423338949	143.400	470.100	1.5354	-57.43	12.76	1979.8879	S00974_20190805_194417.wav	S00974_20190805_194417.wav	
79	Spectrogram 1	1	1982.448701289	1983.479317089	159.300	709.100	1.0306	-48.81	14.04	1982.4487	S00974_20190805_194417.wav	S00974_20190805_194417.wav	
80	Spectrogram 1	1	1969.024519279	1975.821279029	580.000	1526.500	6.7968	-50.30	18.36	1969.0245	S00974_20190805_194417.wav	S00974_20190805_194417.wav	
81	Spectrogram 1	1	1984.723806709	1985.497179809	326.700	756.900	0.7734	-46.38	22.76	1984.7238	S00974_20190805_194417.wav	S00974_20190805_194417.wav	
82	Spectrogram 1	1	1986.850582729	1987.832171669	294.800	669.300	0.9816	-47.43	19.44	1986.8506	S00974_20190805_194417.wav	S00974_20190805_194417.wav	
83	Spectrogram 1	1	1989.378917869	1990.196908649	318.700	693.200	0.8180	-49.55	21.47	1989.3789	S00974_20190805_194417.wav	S00974_20190805_194417.wav	
84	Spectrogram 1	1	1991.894821669	1992.697939889	278.900	605.500	0.8031	-49.65	17.55	1991.8948	S00974_20190805_194417.wav	S00974_20190805_194417.wav	
85	Spectrogram 1	1	1994.690862879	1995.553471339	294.800	701.100	0.8626	-46.75	21.41	1994.6909	S00974_20190805_194417.wav	S00974_20190805_194417.wav	
86	Spectrogram 1	1	1997.494773909	1998.610215879	255.000	669.300	1.1154	-50.61	16.34	1997.4948	S00974_20190805_194417.wav	S00974_20190805_194417.wav	
87	Spectrogram 1	1	2000.558521189	2001.882178999	159.300	390.400	1.3237	-55.87	13.94	2000.5585	S00974_20190805_194417.wav	S00974_20190805_194417.wav	
88	Spectrogram 1	1	2004.110782179	2005.449312549	127.500	398.400	1.3385	-56.66	13.28	2004.1108	S00974_20190805_194417.wav	S00974_20190805_194417.wav	
89	Spectrogram 1	1	2007.627002369	2009.173748569	127.500	398.400	1.5467	-57.79	12.43	2007.6270	S00974_20190805_194417.wav	S00974_20190805_194417.wav	
90	Spectrogram 1	1	2031.438321659	2038.631599259	589.600	1381.600	7.1933	-54.32	12.46	2031.4383	S00974_20190805_194417.wav	S00974_20190805_194417.wav	
91	Spectrogram 1	1	2038.799863059	2043.469183659	748.900	1593.500	4.6693	-48.84	19.50	2038.7999	S00974_20190805_194417.wav	S00974_20190805_194417.wav	
92	Spectrogram 1	1	2043.856441759	2046.864157259	358.500	900.300	3.0077	-55.81	12.10	2043.8564	S00974_20190805_194417.wav	S00974_20190805_194417.wav	
93	Spectrogram 1	1	2049.579084680	2050.420403680	661.334	980.034	0.8413	-51.68	16.81	2049.5791	S00974_20190805_194417.wav	S00974_20190805_194417.wav	
94	Spectrogram 1	1	2051.521343418	2052.299563518	605.247	1043.447	0.7782	-46.99	22.49	2051.5213	S00974_20190805_194417.wav	S00974_20190805_194417.wav	
95	Spectrogram 1	1	2053.429265080	2054.081287380	609.870	1024.170	0.6520	-46.59	24.55	2053.4293	S00974_20190805_194417.wav	S00974_20190805_194417.wav	
96	Spectrogram 1	1	2055.134585914	2055.933839014	786.238	1096.938	0.7993	-55.90	19.12	2055.1346	S00974_20190805_194417.wav	S00974_20190805_194417.wav	
97	Spectrogram 1	1	2057.156035257	2057.997354357	736.526	1007.426	0.8413	-49.19	24.53	2057.1560	S00974_20190805_194417.wav	S00974_20190805_194417.wav	
98	Spectrogram 1	1	2061.022389459	2061.905774359	23.900	255.000	0.8834	-50.87	14.15	2061.0224	S00974_20190805_194417.wav	S00974_20190805_194417.wav	
99	Spectrogram 1	1	2063.567379459	2064.345599559	47.800	247.000	0.7782	-51.34	14.24	2063.5674	S00974_20190805_194417.wav	S00974_20190805_194417.wav	
100	Spectrogram 1	1	2065.902039759	2066.890589559	39.800	239.000	0.9885	-50.06	14.76	2065.9020	S00974_20190805_194417.wav	S00974_20190805_194417.wav	
101	Spectrogram 1	1	2068.447029759	2069.435579659	31.900	247.000	0.9885	-50.09	13.42	2068.4470	S00974_20190805_194417.wav	S00974_20190805_194417.wav	
102	Spectrogram 1	1	2070.904673559	2071.809091559	31.900	207.200	0.9044	-52.74	13.22	2070.9047	S00974_20190805_194417.wav	S00974_20190805_194417.wav	
