Selection	View	Channel	Begin Time (s)	End Time (s)	Low Freq (Hz)	High Freq (Hz)	Delta Time (s)	Inband Power (dB FS)	SNR NIST Quick (dB FS)	File Offset (s)	End File	Begin File	Sound Type
1	Spectrogram 1	1	1631.870000000	1632.102349352	0.000	8000.000	0.2323	-34.05	17.11	1631.8700	S00974_20190805_214418.wav	S00974_20190805_214418.wav	Phaser
2	Spectrogram 1	1	1634.911664249	1636.939440415	0.000	8000.000	2.0278	-33.75	17.34	1634.9117	S00974_20190805_214418.wav	S00974_20190805_214418.wav	Upsweep
3	Spectrogram 1	1	1638.903848576	1641.045320689	0.000	8000.000	2.1415	-33.77	17.01	1638.9038	S00974_20190805_214418.wav	S00974_20190805_214418.wav	Downsweep
4	Spectrogram 1	1	1643.931043659	1646.001065159	0.000	8000.000	2.0700	-33.76	17.58	1643.9310	S00974_20190805_214418.wav	S00974_20190805_214418.wav	
5	Spectrogram 1	1	1647.883874169	1649.996141009	0.000	8000.000	2.1123	-33.77	17.05	1647.8839	S00974_20190805_214418.wav	S00974_20190805_214418.wav	
6	Spectrogram 1	1	1652.889946579	1654.981090749	0.000	8000.000	2.0911	-33.74	17.90	1652.8899	S00974_20190805_214418.wav	S00974_20190805_214418.wav	
7	Spectrogram 1	1	1656.924376239	1659.036643079	0.000	8000.000	2.1123	-33.78	16.99	1656.9244	S00974_20190805_214418.wav	S00974_20190805_214418.wav	
8	Spectrogram 1	1	1660.927121899	1661.180593919	0.000	8000.000	0.2535	-33.87	16.75	1660.9271	S00974_20190805_214418.wav	S00974_20190805_214418.wav	
9	Spectrogram 1	1	1670.256218779	1674.744901599	580.000	1080.800	4.4887	-46.37	23.74	1670.2562	S00974_20190805_214418.wav	S00974_20190805_214418.wav	
10	Spectrogram 1	1	1685.652931729	1687.188338949	143.400	470.100	1.5354	-57.59	12.64	1685.6529	S00974_20190805_214418.wav	S00974_20190805_214418.wav	
11	Spectrogram 1	1	1688.213701289	1689.244317089	159.300	709.100	1.0306	-48.88	14.29	1688.2137	S00974_20190805_214418.wav	S00974_20190805_214418.wav	
12	Spectrogram 1	1	1674.789519279	1681.586279029	580.000	1526.500	6.7968	-49.31	18.75	1674.7895	S00974_20190805_214418.wav	S00974_20190805_214418.wav	
13	Spectrogram 1	1	1690.488806709	1691.262179809	326.700	756.900	0.7734	-46.42	21.30	1690.4888	S00974_20190805_214418.wav	S00974_20190805_214418.wav	
14	Spectrogram 1	1	1692.615582729	1693.597171669	294.800	669.300	0.9816	-48.37	19.81	1692.6156	S00974_20190805_214418.wav	S00974_20190805_214418.wav	
15	Spectrogram 1	1	1695.143917869	1695.961908649	318.700	693.200	0.8180	-50.18	20.13	1695.1439	S00974_20190805_214418.wav	S00974_20190805_214418.wav	
16	Spectrogram 1	1	1697.659821669	1698.462939889	278.900	605.500	0.8031	-50.23	18.28	1697.6598	S00974_20190805_214418.wav	S00974_20190805_214418.wav	
17	Spectrogram 1	1	1700.455862879	1701.318471339	294.800	701.100	0.8626	-47.78	21.48	1700.4559	S00974_20190805_214418.wav	S00974_20190805_214418.wav	
18	Spectrogram 1	1	1703.259773909	1704.375215879	255.000	669.300	1.1154	-50.68	17.37	1703.2598	S00974_20190805_214418.wav	S00974_20190805_214418.wav	
19	Spectrogram 1	1	1706.323521189	1707.647178999	159.300	390.400	1.3237	-55.88	13.73	1706.3235	S00974_20190805_214418.wav	S00974_20190805_214418.wav	
20	Spectrogram 1	1	1709.875782179	1711.214312549	127.500	398.400	1.3385	-56.94	12.77	1709.8758	S00974_20190805_214418.wav	S00974_20190805_214418.wav	
21	Spectrogram 1	1	1713.392002369	1714.938748569	127.500	398.400	1.5467	-58.01	12.46	1713.3920	S00974_20190805_214418.wav	S00974_20190805_214418.wav	
22	Spectrogram 1	1	1737.203321659	1744.396599259	589.600	1381.600	7.1933	-54.24	12.63	1737.2033	S00974_20190805_214418.wav	S00974_20190805_214418.wav	
23	Spectrogram 1	1	1744.564863059	1749.234183659	748.900	1593.500	4.6693	-48.57	19.99	1744.5649	S00974_20190805_214418.wav	S00974_20190805_214418.wav	
24	Spectrogram 1	1	1749.621441759	1752.629157259	358.500	900.300	3.0077	-54.66	11.73	1749.6214	S00974_20190805_214418.wav	S00974_20190805_214418.wav	
25	Spectrogram 1	1	1755.344084680	1756.185403680	661.334	980.034	0.8413	-49.99	18.33	1755.3441	S00974_20190805_214418.wav	S00974_20190805_214418.wav	
26	Spectrogram 1	1	1757.286343418	1758.064563518	605.247	1043.447	0.7782	-46.20	25.26	1757.2863	S00974_20190805_214418.wav	S00974_20190805_214418.wav	
27	Spectrogram 1	1	1759.194265080	1759.846287380	609.870	1024.170	0.6520	-45.94	25.67	1759.1943	S00974_20190805_214418.wav	S00974_20190805_214418.wav	
28	Spectrogram 1	1	1760.899585914	1761.698839014	786.238	1096.938	0.7993	-55.72	19.74	1760.8996	S00974_20190805_214418.wav	S00974_20190805_214418.wav	
29	Spectrogram 1	1	1762.921035257	1763.762354357	736.526	1007.426	0.8413	-49.66	26.32	1762.9210	S00974_20190805_214418.wav	S00974_20190805_214418.wav	
30	Spectrogram 1	1	1766.787389459	1767.670774359	23.900	255.000	0.8834	-50.35	15.16	1766.7874	S00974_20190805_214418.wav	S00974_20190805_214418.wav	
31	Spectrogram 1	1	1769.332379459	1770.110599559	47.800	247.000	0.7782	-51.74	14.20	1769.3324	S00974_20190805_214418.wav	S00974_20190805_214418.wav	
32	Spectrogram 1	1	1771.667039759	1772.655589559	39.800	239.000	0.9885	-50.51	14.01	1771.6670	S00974_20190805_214418.wav	S00974_20190805_214418.wav	
33	Spectrogram 1	1	1774.212029759	1775.200579659	31.900	247.000	0.9885	-50.03	14.12	1774.2120	S00974_20190805_214418.wav	S00974_20190805_214418.wav	
34	Spectrogram 1	1	1776.669673559	1777.574091559	31.900	207.200	0.9044	-52.72	13.65	1776.6697	S00974_20190805_214418.wav	S00974_20190805_214418.wav	
35	Spectrogram 1	1	1781.339000000	1781.571349352	0.000	8000.000	0.2323	-33.85	18.07	1781.3390	S00974_20190805_214418.wav	S00974_20190805_214418.wav	Phaser
36	Spectrogram 1	1	1784.380664249	1786.408440415	0.000	8000.000	2.0278	-33.72	17.90	1784.3807	S00974_20190805_214418.wav	S00974_20190805_214418.wav	Upsweep
37	Spectrogram 1	1	1788.372848576	1790.514320689	0.000	8000.000	2.1415	-33.74	17.46	1788.3728	S00974_20190805_214418.wav	S00974_20190805_214418.wav	Downsweep
38	Spectrogram 1	1	1793.400043659	1795.470065159	0.000	8000.000	2.0700	-33.74	17.63	1793.4000	S00974_20190805_214418.wav	S00974_20190805_214418.wav	
39	Spectrogram 1	1	1797.352874169	1799.465141009	0.000	8000.000	2.1123	-33.78	17.38	1797.3529	S00974_20190805_214418.wav	S00974_20190805_214418.wav	
40	Spectrogram 1	1	1802.358946579	1804.450090749	0.000	8000.000	2.0911	-33.69	17.83	1802.3589	S00974_20190805_214418.wav	S00974_20190805_214418.wav	
41	Spectrogram 1	1	1806.393376239	1808.505643079	0.000	8000.000	2.1123	-33.75	17.37	1806.3934	S00974_20190805_214418.wav	S00974_20190805_214418.wav	
42	Spectrogram 1	1	1810.396121899	1810.649593919	0.000	8000.000	0.2535	-33.82	18.43	1810.3961	S00974_20190805_214418.wav	S00974_20190805_214418.wav	
43	Spectrogram 1	1	1819.725218779	1824.213901599	580.000	1080.800	4.4887	-46.36	23.65	1819.7252	S00974_20190805_214418.wav	S00974_20190805_214418.wav	
44	Spectrogram 1	1	1835.121931729	1836.657338949	143.400	470.100	1.5354	-57.48	13.10	1835.1219	S00974_20190805_214418.wav	S00974_20190805_214418.wav	
45	Spectrogram 1	1	1837.682701289	1838.713317089	159.300	709.100	1.0306	-48.92	14.23	1837.6827	S00974_20190805_214418.wav	S00974_20190805_214418.wav	
46	Spectrogram 1	1	1824.258519279	1831.055279029	580.000	1526.500	6.7968	-49.47	18.65	1824.2585	S00974_20190805_214418.wav	S00974_20190805_214418.wav	
47	Spectrogram 1	1	1839.957806709	1840.731179809	326.700	756.900	0.7734	-46.34	21.42	1839.9578	S00974_20190805_214418.wav	S00974_20190805_214418.wav	
48	Spectrogram 1	1	1842.084582729	1843.066171669	294.800	669.300	0.9816	-48.26	18.89	1842.0846	S00974_20190805_214418.wav	S00974_20190805_214418.wav	
49	Spectrogram 1	1	1844.612917869	1845.430908649	318.700	693.200	0.8180	-49.97	20.55	1844.6129	S00974_20190805_214418.wav	S00974_20190805_214418.wav	
50	Spectrogram 1	1	1847.128821669	1847.931939889	278.900	605.500	0.8031	-50.10	18.54	1847.1288	S00974_20190805_214418.wav	S00974_20190805_214418.wav	
51	Spectrogram 1	1	1849.924862879	1850.787471339	294.800	701.100	0.8626	-47.54	21.03	1849.9249	S00974_20190805_214418.wav	S00974_20190805_214418.wav	
52	Spectrogram 1	1	1852.728773909	1853.844215879	255.000	669.300	1.1154	-50.68	17.64	1852.7288	S00974_20190805_214418.wav	S00974_20190805_214418.wav	
53	Spectrogram 1	1	1855.792521189	1857.116178999	159.300	390.400	1.3237	-55.32	13.06	1855.7925	S00974_20190805_214418.wav	S00974_20190805_214418.wav	
54	Spectrogram 1	1	1859.344782179	1860.683312549	127.500	398.400	1.3385	-56.86	13.21	1859.3448	S00974_20190805_214418.wav	S00974_20190805_214418.wav	
55	Spectrogram 1	1	1862.861002369	1864.407748569	127.500	398.400	1.5467	-57.88	12.70	1862.8610	S00974_20190805_214418.wav	S00974_20190805_214418.wav	
56	Spectrogram 1	1	1886.672321659	1893.865599259	589.600	1381.600	7.1933	-54.16	12.66	1886.6723	S00974_20190805_214418.wav	S00974_20190805_214418.wav	
57	Spectrogram 1	1	1894.033863059	1898.703183659	748.900	1593.500	4.6693	-48.28	20.09	1894.0339	S00974_20190805_214418.wav	S00974_20190805_214418.wav	
58	Spectrogram 1	1	1899.090441759	1902.098157259	358.500	900.300	3.0077	-54.51	11.63	1899.0904	S00974_20190805_214418.wav	S00974_20190805_214418.wav	
59	Spectrogram 1	1	1904.813084680	1905.654403680	661.334	980.034	0.8413	-49.92	17.14	1904.8131	S00974_20190805_214418.wav	S00974_20190805_214418.wav	
60	Spectrogram 1	1	1906.755343418	1907.533563518	605.247	1043.447	0.7782	-45.98	24.27	1906.7553	S00974_20190805_214418.wav	S00974_20190805_214418.wav	
61	Spectrogram 1	1	1908.663265080	1909.315287380	609.870	1024.170	0.6520	-45.80	25.09	1908.6633	S00974_20190805_214418.wav	S00974_20190805_214418.wav	
62	Spectrogram 1	1	1910.368585914	1911.167839014	786.238	1096.938	0.7993	-55.34	20.20	1910.3686	S00974_20190805_214418.wav	S00974_20190805_214418.wav	
63	Spectrogram 1	1	1912.390035257	1913.231354357	736.526	1007.426	0.8413	-49.46	25.23	1912.3900	S00974_20190805_214418.wav	S00974_20190805_214418.wav	
64	Spectrogram 1	1	1916.256389459	1917.139774359	23.900	255.000	0.8834	-51.14	13.26	1916.2564	S00974_20190805_214418.wav	S00974_20190805_214418.wav	
65	Spectrogram 1	1	1918.801379459	1919.579599559	47.800	247.000	0.7782	-51.37	15.02	1918.8014	S00974_20190805_214418.wav	S00974_20190805_214418.wav	
66	Spectrogram 1	1	1921.136039759	1922.124589559	39.800	239.000	0.9885	-50.15	14.55	1921.1360	S00974_20190805_214418.wav	S00974_20190805_214418.wav	
67	Spectrogram 1	1	1923.681029759	1924.669579659	31.900	247.000	0.9885	-50.11	15.09	1923.6810	S00974_20190805_214418.wav	S00974_20190805_214418.wav	
68	Spectrogram 1	1	1926.138673559	1927.043091559	31.900	207.200	0.9044	-52.81	12.36	1926.1387	S00974_20190805_214418.wav	S00974_20190805_214418.wav	
69	Spectrogram 1	1	1930.770000000	1931.002349352	0.000	8000.000	0.2323	-33.89	16.70	1930.7700	S00974_20190805_214418.wav	S00974_20190805_214418.wav	Phaser
70	Spectrogram 1	1	1933.811664249	1935.839440415	0.000	8000.000	2.0278	-33.74	17.98	1933.8117	S00974_20190805_214418.wav	S00974_20190805_214418.wav	Upsweep
71	Spectrogram 1	1	1937.803848576	1939.945320689	0.000	8000.000	2.1415	-33.69	17.65	1937.8038	S00974_20190805_214418.wav	S00974_20190805_214418.wav	Downsweep
72	Spectrogram 1	1	1942.831043659	1944.901065159	0.000	8000.000	2.0700	-33.68	18.22	1942.8310	S00974_20190805_214418.wav	S00974_20190805_214418.wav	
73	Spectrogram 1	1	1946.783874169	1948.896141009	0.000	8000.000	2.1123	-33.75	17.18	1946.7839	S00974_20190805_214418.wav	S00974_20190805_214418.wav	
74	Spectrogram 1	1	1951.789946579	1953.881090749	0.000	8000.000	2.0911	-33.73	17.57	1951.7899	S00974_20190805_214418.wav	S00974_20190805_214418.wav	
75	Spectrogram 1	1	1955.824376239	1957.936643079	0.000	8000.000	2.1123	-33.72	17.67	1955.8244	S00974_20190805_214418.wav	S00974_20190805_214418.wav	
76	Spectrogram 1	1	1959.827121899	1960.080593919	0.000	8000.000	0.2535	-33.99	18.27	1959.8271	S00974_20190805_214418.wav	S00974_20190805_214418.wav	
77	Spectrogram 1	1	1969.156218779	1973.644901599	580.000	1080.800	4.4887	-46.21	23.70	1969.1562	S00974_20190805_214418.wav	S00974_20190805_214418.wav	
78	Spectrogram 1	1	1984.552931729	1986.088338949	143.400	470.100	1.5354	-57.47	12.34	1984.5529	S00974_20190805_214418.wav	S00974_20190805_214418.wav	
79	Spectrogram 1	1	1987.113701289	1988.144317089	159.300	709.100	1.0306	-49.06	14.81	1987.1137	S00974_20190805_214418.wav	S00974_20190805_214418.wav	
80	Spectrogram 1	1	1973.689519279	1980.486279029	580.000	1526.500	6.7968	-49.32	18.87	1973.6895	S00974_20190805_214418.wav	S00974_20190805_214418.wav	
81	Spectrogram 1	1	1989.388806709	1990.162179809	326.700	756.900	0.7734	-46.40	21.03	1989.3888	S00974_20190805_214418.wav	S00974_20190805_214418.wav	
82	Spectrogram 1	1	1991.515582729	1992.497171669	294.800	669.300	0.9816	-48.42	19.57	1991.5156	S00974_20190805_214418.wav	S00974_20190805_214418.wav	
83	Spectrogram 1	1	1994.043917869	1994.861908649	318.700	693.200	0.8180	-50.04	20.51	1994.0439	S00974_20190805_214418.wav	S00974_20190805_214418.wav	
84	Spectrogram 1	1	1996.559821669	1997.362939889	278.900	605.500	0.8031	-50.11	18.97	1996.5598	S00974_20190805_214418.wav	S00974_20190805_214418.wav	
85	Spectrogram 1	1	1999.355862879	2000.218471339	294.800	701.100	0.8626	-47.59	21.85	1999.3559	S00974_20190805_214418.wav	S00974_20190805_214418.wav	
86	Spectrogram 1	1	2002.159773909	2003.275215879	255.000	669.300	1.1154	-50.75	17.42	2002.1598	S00974_20190805_214418.wav	S00974_20190805_214418.wav	
87	Spectrogram 1	1	2005.223521189	2006.547178999	159.300	390.400	1.3237	-55.08	13.41	2005.2235	S00974_20190805_214418.wav	S00974_20190805_214418.wav	
88	Spectrogram 1	1	2008.775782179	2010.114312549	127.500	398.400	1.3385	-57.06	12.62	2008.7758	S00974_20190805_214418.wav	S00974_20190805_214418.wav	
89	Spectrogram 1	1	2012.292002369	2013.838748569	127.500	398.400	1.5467	-58.01	12.80	2012.2920	S00974_20190805_214418.wav	S00974_20190805_214418.wav	
90	Spectrogram 1	1	2036.103321659	2043.296599259	589.600	1381.600	7.1933	-54.18	12.58	2036.1033	S00974_20190805_214418.wav	S00974_20190805_214418.wav	
91	Spectrogram 1	1	2043.464863059	2048.134183659	748.900	1593.500	4.6693	-48.56	20.13	2043.4649	S00974_20190805_214418.wav	S00974_20190805_214418.wav	
92	Spectrogram 1	1	2048.521441759	2051.529157259	358.500	900.300	3.0077	-54.46	12.21	2048.5214	S00974_20190805_214418.wav	S00974_20190805_214418.wav	
93	Spectrogram 1	1	2054.244084680	2055.085403680	661.334	980.034	0.8413	-50.09	17.93	2054.2441	S00974_20190805_214418.wav	S00974_20190805_214418.wav	
94	Spectrogram 1	1	2056.186343418	2056.964563518	605.247	1043.447	0.7782	-46.17	23.96	2056.1863	S00974_20190805_214418.wav	S00974_20190805_214418.wav	
95	Spectrogram 1	1	2058.094265080	2058.746287380	609.870	1024.170	0.6520	-46.01	25.17	2058.0943	S00974_20190805_214418.wav	S00974_20190805_214418.wav	
96	Spectrogram 1	1	2059.799585914	2060.598839014	786.238	1096.938	0.7993	-55.49	20.04	2059.7996	S00974_20190805_214418.wav	S00974_20190805_214418.wav	
97	Spectrogram 1	1	2061.821035257	2062.662354357	736.526	1007.426	0.8413	-49.58	24.57	2061.8210	S00974_20190805_214418.wav	S00974_20190805_214418.wav	
98	Spectrogram 1	1	2065.687389459	2066.570774359	23.900	255.000	0.8834	-50.71	14.71	2065.6874	S00974_20190805_214418.wav	S00974_20190805_214418.wav	
99	Spectrogram 1	1	2068.232379459	2069.010599559	47.800	247.000	0.7782	-51.37	14.29	2068.2324	S00974_20190805_214418.wav	S00974_20190805_214418.wav	
100	Spectrogram 1	1	2070.567039759	2071.555589559	39.800	239.000	0.9885	-50.26	13.72	2070.5670	S00974_20190805_214418.wav	S00974_20190805_214418.wav	
101	Spectrogram 1	1	2073.112029759	2074.100579659	31.900	247.000	0.9885	-50.16	13.75	2073.1120	S00974_20190805_214418.wav	S00974_20190805_214418.wav	
102	Spectrogram 1	1	2075.569673559	2076.474091559	31.900	207.200	0.9044	-52.86	12.82	2075.5697	S00974_20190805_214418.wav	S00974_20190805_214418.wav	
