Selection	View	Channel	Begin Time (s)	End Time (s)	Low Freq (Hz)	High Freq (Hz)	Delta Time (s)	Inband Power (dB FS)	SNR NIST Quick (dB FS)	Sound Type
1	Spectrogram 1	1	687.750000000	687.982349352	0.000	8000.000	0.2323	-34.74	19.17	Phaser
2	Spectrogram 1	1	690.791664249	692.819440415	0.000	8000.000	2.0278	-34.44	19.11	Upsweep
3	Spectrogram 1	1	694.783848576	696.925320689	0.000	8000.000	2.1415	-34.52	17.11	Downsweep
4	Spectrogram 1	1	699.811043659	701.881065159	0.000	8000.000	2.0700	-34.50	19.14	
5	Spectrogram 1	1	703.763874169	705.876141009	0.000	8000.000	2.1123	-34.53	17.00	
6	Spectrogram 1	1	708.769946579	710.861090749	0.000	8000.000	2.0911	-34.48	18.90	
7	Spectrogram 1	1	712.804376239	714.916643079	0.000	8000.000	2.1123	-34.51	17.25	
8	Spectrogram 1	1	716.807121899	717.060593919	0.000	8000.000	0.2535	-34.86	19.75	
9	Spectrogram 1	1	726.136218779	730.624901599	580.000	1080.800	4.4887	-46.40	23.16	
10	Spectrogram 1	1	741.532931729	743.068338949	143.400	470.100	1.5354	-57.40	12.86	
11	Spectrogram 1	1	744.093701289	745.124317089	159.300	709.100	1.0306	-49.05	14.64	
12	Spectrogram 1	1	730.669519279	737.466279029	580.000	1526.500	6.7968	-49.37	19.83	
13	Spectrogram 1	1	746.368806709	747.142179809	326.700	756.900	0.7734	-46.10	21.22	
14	Spectrogram 1	1	748.495582729	749.477171669	294.800	669.300	0.9816	-48.07	20.18	
15	Spectrogram 1	1	751.023917869	751.841908649	318.700	693.200	0.8180	-50.25	19.84	
16	Spectrogram 1	1	753.539821669	754.342939889	278.900	605.500	0.8031	-50.03	18.24	
17	Spectrogram 1	1	756.335862879	757.198471339	294.800	701.100	0.8626	-48.49	20.91	
18	Spectrogram 1	1	759.139773909	760.255215879	255.000	669.300	1.1154	-49.67	17.27	
19	Spectrogram 1	1	762.203521189	763.527178999	159.300	390.400	1.3237	-55.51	13.07	
20	Spectrogram 1	1	765.755782179	767.094312549	127.500	398.400	1.3385	-56.98	13.89	
21	Spectrogram 1	1	769.272002369	770.818748569	127.500	398.400	1.5467	-57.97	12.80	
22	Spectrogram 1	1	793.083321659	800.276599259	589.600	1381.600	7.1933	-54.31	12.75	
23	Spectrogram 1	1	800.444863059	805.114183659	748.900	1593.500	4.6693	-48.46	19.83	
24	Spectrogram 1	1	805.501441759	808.509157259	358.500	900.300	3.0077	-54.30	11.86	
25	Spectrogram 1	1	811.224084680	812.065403680	661.334	980.034	0.8413	-49.73	18.04	
26	Spectrogram 1	1	813.166343418	813.944563518	605.247	1043.447	0.7782	-46.38	23.34	
27	Spectrogram 1	1	815.074265080	815.726287380	609.870	1024.170	0.6520	-46.27	23.92	
28	Spectrogram 1	1	816.779585914	817.578839014	786.238	1096.938	0.7993	-55.68	18.62	
29	Spectrogram 1	1	818.801035257	819.642354357	736.526	1007.426	0.8413	-48.86	25.62	
30	Spectrogram 1	1	822.667389459	823.550774359	23.900	255.000	0.8834	-51.09	14.05	
31	Spectrogram 1	1	825.212379459	825.990599559	47.800	247.000	0.7782	-51.61	13.85	
32	Spectrogram 1	1	827.547039759	828.535589559	39.800	239.000	0.9885	-50.34	13.79	
33	Spectrogram 1	1	830.092029759	831.080579659	31.900	247.000	0.9885	-50.00	14.86	
34	Spectrogram 1	1	832.549673559	833.454091559	31.900	207.200	0.9044	-53.05	14.76	
35	Spectrogram 1	1	837.219000000	837.451349352	0.000	8000.000	0.2323	-34.89	20.50	Phaser
36	Spectrogram 1	1	840.260664249	842.288440415	0.000	8000.000	2.0278	-34.47	19.32	Upsweep
37	Spectrogram 1	1	844.252848576	846.394320689	0.000	8000.000	2.1415	-34.46	17.54	Downsweep
38	Spectrogram 1	1	849.280043659	851.350065159	0.000	8000.000	2.0700	-34.49	19.28	
39	Spectrogram 1	1	853.232874169	855.345141009	0.000	8000.000	2.1123	-34.55	17.17	
40	Spectrogram 1	1	858.238946579	860.330090749	0.000	8000.000	2.0911	-34.48	19.43	
41	Spectrogram 1	1	862.273376239	864.385643079	0.000	8000.000	2.1123	-34.50	17.12	
42	Spectrogram 1	1	866.276121899	866.529593919	0.000	8000.000	0.2535	-34.62	21.72	
43	Spectrogram 1	1	875.605218779	880.093901599	580.000	1080.800	4.4887	-46.31	23.42	
44	Spectrogram 1	1	891.001931729	892.537338949	143.400	470.100	1.5354	-57.70	12.59	
45	Spectrogram 1	1	893.562701289	894.593317089	159.300	709.100	1.0306	-49.10	14.40	
46	Spectrogram 1	1	880.138519279	886.935279029	580.000	1526.500	6.7968	-49.55	19.65	
47	Spectrogram 1	1	895.837806709	896.611179809	326.700	756.900	0.7734	-46.12	21.05	
48	Spectrogram 1	1	897.964582729	898.946171669	294.800	669.300	0.9816	-48.10	20.59	
49	Spectrogram 1	1	900.492917869	901.310908649	318.700	693.200	0.8180	-50.33	19.22	
50	Spectrogram 1	1	903.008821669	903.811939889	278.900	605.500	0.8031	-49.92	17.91	
51	Spectrogram 1	1	905.804862879	906.667471339	294.800	701.100	0.8626	-48.50	21.46	
52	Spectrogram 1	1	908.608773909	909.724215879	255.000	669.300	1.1154	-49.62	17.33	
53	Spectrogram 1	1	911.672521189	912.996178999	159.300	390.400	1.3237	-55.21	13.73	
54	Spectrogram 1	1	915.224782179	916.563312549	127.500	398.400	1.3385	-56.88	12.69	
55	Spectrogram 1	1	918.741002369	920.287748569	127.500	398.400	1.5467	-57.77	12.99	
56	Spectrogram 1	1	942.552321659	949.745599259	589.600	1381.600	7.1933	-54.26	12.59	
57	Spectrogram 1	1	949.913863059	954.583183659	748.900	1593.500	4.6693	-48.54	20.03	
58	Spectrogram 1	1	954.970441759	957.978157259	358.500	900.300	3.0077	-54.12	11.97	
59	Spectrogram 1	1	960.693084680	961.534403680	661.334	980.034	0.8413	-49.70	17.40	
60	Spectrogram 1	1	962.635343418	963.413563518	605.247	1043.447	0.7782	-46.34	23.32	
61	Spectrogram 1	1	964.543265080	965.195287380	609.870	1024.170	0.6520	-46.14	24.24	
62	Spectrogram 1	1	966.248585914	967.047839014	786.238	1096.938	0.7993	-55.57	18.74	
63	Spectrogram 1	1	968.270035257	969.111354357	736.526	1007.426	0.8413	-48.70	25.12	
64	Spectrogram 1	1	972.136389459	973.019774359	23.900	255.000	0.8834	-50.94	14.31	
65	Spectrogram 1	1	974.681379459	975.459599559	47.800	247.000	0.7782	-51.82	13.88	
66	Spectrogram 1	1	977.016039759	978.004589559	39.800	239.000	0.9885	-50.26	14.67	
67	Spectrogram 1	1	979.561029759	980.549579659	31.900	247.000	0.9885	-50.24	14.05	
68	Spectrogram 1	1	982.018673559	982.923091559	31.900	207.200	0.9044	-52.84	14.63	
69	Spectrogram 1	1	986.650000000	986.882349352	0.000	8000.000	0.2323	-35.08	20.75	Phaser
70	Spectrogram 1	1	989.691664249	991.719440415	0.000	8000.000	2.0278	-34.52	19.01	Upsweep
71	Spectrogram 1	1	993.683848576	995.825320689	0.000	8000.000	2.1415	-34.56	17.18	Downsweep
72	Spectrogram 1	1	998.711043659	1000.781065159	0.000	8000.000	2.0700	-34.51	19.17	
73	Spectrogram 1	1	1002.663874169	1004.776141009	0.000	8000.000	2.1123	-34.55	17.60	
74	Spectrogram 1	1	1007.669946579	1009.761090749	0.000	8000.000	2.0911	-34.50	19.01	
75	Spectrogram 1	1	1011.704376239	1013.816643079	0.000	8000.000	2.1123	-34.53	17.21	
76	Spectrogram 1	1	1015.707121899	1015.960593919	0.000	8000.000	0.2535	-34.81	20.77	
77	Spectrogram 1	1	1025.036218779	1029.524901599	580.000	1080.800	4.4887	-46.33	23.35	
78	Spectrogram 1	1	1040.432931729	1041.968338949	143.400	470.100	1.5354	-57.54	12.76	
79	Spectrogram 1	1	1042.993701289	1044.024317089	159.300	709.100	1.0306	-49.16	15.11	
80	Spectrogram 1	1	1029.569519279	1036.366279029	580.000	1526.500	6.7968	-49.47	19.71	
81	Spectrogram 1	1	1045.268806709	1046.042179809	326.700	756.900	0.7734	-46.16	20.59	
82	Spectrogram 1	1	1047.395582729	1048.377171669	294.800	669.300	0.9816	-48.27	20.37	
83	Spectrogram 1	1	1049.923917869	1050.741908649	318.700	693.200	0.8180	-50.33	19.38	
84	Spectrogram 1	1	1052.439821669	1053.242939889	278.900	605.500	0.8031	-50.05	19.29	
85	Spectrogram 1	1	1055.235862879	1056.098471339	294.800	701.100	0.8626	-48.55	21.15	
86	Spectrogram 1	1	1058.039773909	1059.155215879	255.000	669.300	1.1154	-49.75	17.79	
87	Spectrogram 1	1	1061.103521189	1062.427178999	159.300	390.400	1.3237	-55.34	13.55	
88	Spectrogram 1	1	1064.655782179	1065.994312549	127.500	398.400	1.3385	-57.02	13.44	
89	Spectrogram 1	1	1068.172002369	1069.718748569	127.500	398.400	1.5467	-57.84	12.49	
90	Spectrogram 1	1	1091.983321659	1099.176599259	589.600	1381.600	7.1933	-54.29	12.69	
91	Spectrogram 1	1	1099.344863059	1104.014183659	748.900	1593.500	4.6693	-48.47	20.11	
92	Spectrogram 1	1	1104.401441759	1107.409157259	358.500	900.300	3.0077	-54.07	11.87	
93	Spectrogram 1	1	1110.124084680	1110.965403680	661.334	980.034	0.8413	-49.63	17.38	
94	Spectrogram 1	1	1112.066343418	1112.844563518	605.247	1043.447	0.7782	-46.18	23.24	
95	Spectrogram 1	1	1113.974265080	1114.626287380	609.870	1024.170	0.6520	-45.96	24.38	
96	Spectrogram 1	1	1115.679585914	1116.478839014	786.238	1096.938	0.7993	-55.46	19.06	
97	Spectrogram 1	1	1117.701035257	1118.542354357	736.526	1007.426	0.8413	-48.67	25.88	
98	Spectrogram 1	1	1121.567389459	1122.450774359	23.900	255.000	0.8834	-51.23	12.79	
99	Spectrogram 1	1	1124.112379459	1124.890599559	47.800	247.000	0.7782	-51.62	14.79	
100	Spectrogram 1	1	1126.447039759	1127.435589559	39.800	239.000	0.9885	-50.13	14.10	
101	Spectrogram 1	1	1128.992029759	1129.980579659	31.900	247.000	0.9885	-50.24	14.36	
102	Spectrogram 1	1	1131.449673559	1132.354091559	31.900	207.200	0.9044	-52.87	14.46	
