Selection	View	Channel	Begin Time (s)	End Time (s)	Low Freq (Hz)	High Freq (Hz)	Delta Time (s)	Inband Power (dB FS)	SNR NIST Quick (dB FS)	File Offset (s)	End File	Begin File	Sound Type
1	Spectrogram 1	1	3305.020000000	3305.252349352	0.000	8000.000	0.2323	-33.71	15.66	3305.0200	S00974_20190806_090003.wav	S00974_20190806_090003.wav	Phaser
2	Spectrogram 1	1	3308.061664249	3310.089440415	0.000	8000.000	2.0278	-33.50	16.19	3308.0617	S00974_20190806_090003.wav	S00974_20190806_090003.wav	Upsweep
3	Spectrogram 1	1	3312.053848576	3314.195320689	0.000	8000.000	2.1415	-33.49	15.69	3312.0539	S00974_20190806_090003.wav	S00974_20190806_090003.wav	Downsweep
4	Spectrogram 1	1	3317.081043659	3319.151065159	0.000	8000.000	2.0700	-33.39	16.43	3317.0811	S00974_20190806_090003.wav	S00974_20190806_090003.wav	
5	Spectrogram 1	1	3321.033874169	3323.146141009	0.000	8000.000	2.1123	-33.46	15.96	3321.0339	S00974_20190806_090003.wav	S00974_20190806_090003.wav	
6	Spectrogram 1	1	3326.039946579	3328.131090749	0.000	8000.000	2.0911	-33.46	16.76	3326.0399	S00974_20190806_090003.wav	S00974_20190806_090003.wav	
7	Spectrogram 1	1	3330.074376239	3332.186643079	0.000	8000.000	2.1123	-33.47	16.15	3330.0744	S00974_20190806_090003.wav	S00974_20190806_090003.wav	
8	Spectrogram 1	1	3334.077121899	3334.330593919	0.000	8000.000	0.2535	-33.52	15.69	3334.0771	S00974_20190806_090003.wav	S00974_20190806_090003.wav	
9	Spectrogram 1	1	3343.406218779	3347.894901599	580.000	1080.800	4.4887	-62.16	12.33	3343.4062	S00974_20190806_090003.wav	S00974_20190806_090003.wav	
10	Spectrogram 1	1	3358.802931729	3360.338338949	143.400	470.100	1.5354	-62.65	11.10	3358.8029	S00974_20190806_090003.wav	S00974_20190806_090003.wav	
11	Spectrogram 1	1	3361.363701289	3362.394317089	159.300	709.100	1.0306	-61.37	11.38	3361.3637	S00974_20190806_090003.wav	S00974_20190806_090003.wav	
12	Spectrogram 1	1	3347.939519279	3354.736279029	580.000	1526.500	6.7968	-62.18	11.07	3347.9395	S00974_20190806_090003.wav	S00974_20190806_090003.wav	
13	Spectrogram 1	1	3363.638806709	3364.412179809	326.700	756.900	0.7734	-63.54	10.91	3363.6388	S00974_20190806_090003.wav	S00974_20190806_090003.wav	
14	Spectrogram 1	1	3365.765582729	3366.747171669	294.800	669.300	0.9816	-63.27	10.71	3365.7656	S00974_20190806_090003.wav	S00974_20190806_090003.wav	
15	Spectrogram 1	1	3368.293917869	3369.111908649	318.700	693.200	0.8180	-64.60	10.16	3368.2939	S00974_20190806_090003.wav	S00974_20190806_090003.wav	
16	Spectrogram 1	1	3370.809821669	3371.612939889	278.900	605.500	0.8031	-64.68	10.87	3370.8098	S00974_20190806_090003.wav	S00974_20190806_090003.wav	
17	Spectrogram 1	1	3373.605862879	3374.468471339	294.800	701.100	0.8626	-62.40	11.47	3373.6059	S00974_20190806_090003.wav	S00974_20190806_090003.wav	
18	Spectrogram 1	1	3376.409773909	3377.525215879	255.000	669.300	1.1154	-63.06	10.79	3376.4097	S00974_20190806_090003.wav	S00974_20190806_090003.wav	
19	Spectrogram 1	1	3379.473521189	3380.797178999	159.300	390.400	1.3237	-63.63	10.52	3379.4735	S00974_20190806_090003.wav	S00974_20190806_090003.wav	
20	Spectrogram 1	1	3383.025782179	3384.364312549	127.500	398.400	1.3385	-62.76	11.14	3383.0258	S00974_20190806_090003.wav	S00974_20190806_090003.wav	
21	Spectrogram 1	1	3386.542002369	3388.088748569	127.500	398.400	1.5467	-62.27	10.88	3386.5420	S00974_20190806_090003.wav	S00974_20190806_090003.wav	
22	Spectrogram 1	1	3410.353321659	3417.546599259	589.600	1381.600	7.1933	-62.07	11.08	3410.3533	S00974_20190806_090003.wav	S00974_20190806_090003.wav	
23	Spectrogram 1	1	3417.714863059	3422.384183659	748.900	1593.500	4.6693	-61.26	11.18	3417.7149	S00974_20190806_090003.wav	S00974_20190806_090003.wav	
24	Spectrogram 1	1	3422.771441759	3425.779157259	358.500	900.300	3.0077	-63.19	10.96	3422.7714	S00974_20190806_090003.wav	S00974_20190806_090003.wav	
25	Spectrogram 1	1	3428.494084680	3429.335403680	661.334	980.034	0.8413	-61.83	13.30	3428.4941	S00974_20190806_090003.wav	S00974_20190806_090003.wav	
26	Spectrogram 1	1	3430.436343418	3431.214563518	605.247	1043.447	0.7782	-61.24	12.51	3430.4363	S00974_20190806_090003.wav	S00974_20190806_090003.wav	
27	Spectrogram 1	1	3432.344265080	3432.996287380	609.870	1024.170	0.6520	-61.55	11.76	3432.3443	S00974_20190806_090003.wav	S00974_20190806_090003.wav	
28	Spectrogram 1	1	3434.049585914	3434.848839014	786.238	1096.938	0.7993	-61.82	12.45	3434.0496	S00974_20190806_090003.wav	S00974_20190806_090003.wav	
29	Spectrogram 1	1	3436.071035257	3436.912354357	736.526	1007.426	0.8413	-62.69	14.59	3436.0711	S00974_20190806_090003.wav	S00974_20190806_090003.wav	
30	Spectrogram 1	1	3439.937389459	3440.820774359	23.900	255.000	0.8834	-57.44	12.25	3439.9374	S00974_20190806_090003.wav	S00974_20190806_090003.wav	
31	Spectrogram 1	1	3442.482379459	3443.260599559	47.800	247.000	0.7782	-58.17	10.96	3442.4824	S00974_20190806_090003.wav	S00974_20190806_090003.wav	
32	Spectrogram 1	1	3444.817039759	3445.805589559	39.800	239.000	0.9885	-57.51	11.20	3444.8171	S00974_20190806_090003.wav	S00974_20190806_090003.wav	
33	Spectrogram 1	1	3447.362029759	3448.350579659	31.900	247.000	0.9885	-57.72	11.57	3447.3620	S00974_20190806_090003.wav	S00974_20190806_090003.wav	
34	Spectrogram 1	1	3449.819673559	3450.724091559	31.900	207.200	0.9044	-57.99	11.15	3449.8197	S00974_20190806_090003.wav	S00974_20190806_090003.wav	
35	Spectrogram 1	1	3454.489000000	3454.721349352	0.000	8000.000	0.2323	-33.47	18.00	3454.4890	S00974_20190806_090003.wav	S00974_20190806_090003.wav	Phaser
36	Spectrogram 1	1	3457.530664249	3459.558440415	0.000	8000.000	2.0278	-33.45	17.78	3457.5307	S00974_20190806_090003.wav	S00974_20190806_090003.wav	Upsweep
37	Spectrogram 1	1	3461.522848576	3463.664320689	0.000	8000.000	2.1415	-33.37	18.25	3461.5229	S00974_20190806_090003.wav	S00974_20190806_090003.wav	Downsweep
38	Spectrogram 1	1	3466.550043659	3468.620065159	0.000	8000.000	2.0700	-33.53	18.48	3466.5501	S00974_20190806_090003.wav	S00974_20190806_090003.wav	
39	Spectrogram 1	1	3470.502874169	3472.615141009	0.000	8000.000	2.1123	-33.53	17.04	3470.5029	S00974_20190806_090003.wav	S00974_20190806_090003.wav	
40	Spectrogram 1	1	3475.508946579	3477.600090749	0.000	8000.000	2.0911	-33.51	16.67	3475.5089	S00974_20190806_090003.wav	S00974_20190806_090003.wav	
41	Spectrogram 1	1	3479.543376239	3481.655643079	0.000	8000.000	2.1123	-33.59	16.01	3479.5434	S00974_20190806_090003.wav	S00974_20190806_090003.wav	
42	Spectrogram 1	1	3483.546121899	3483.799593919	0.000	8000.000	0.2535	-33.47	16.03	3483.5461	S00974_20190806_090003.wav	S00974_20190806_090003.wav	
43	Spectrogram 1	1	3492.875218779	3497.363901599	580.000	1080.800	4.4887	-61.64	12.00	3492.8753	S00974_20190806_090003.wav	S00974_20190806_090003.wav	
44	Spectrogram 1	1	3508.271931729	3509.807338949	143.400	470.100	1.5354	-62.27	11.06	3508.2719	S00974_20190806_090003.wav	S00974_20190806_090003.wav	
45	Spectrogram 1	1	3510.832701289	3511.863317089	159.300	709.100	1.0306	-60.81	12.25	3510.8327	S00974_20190806_090003.wav	S00974_20190806_090003.wav	
46	Spectrogram 1	1	3497.408519279	3504.205279029	580.000	1526.500	6.7968	-60.79	11.27	3497.4085	S00974_20190806_090003.wav	S00974_20190806_090003.wav	
47	Spectrogram 1	1	3513.107806709	3513.881179809	326.700	756.900	0.7734	-63.03	10.85	3513.1078	S00974_20190806_090003.wav	S00974_20190806_090003.wav	
48	Spectrogram 1	1	3515.234582729	3516.216171669	294.800	669.300	0.9816	-62.61	11.23	3515.2346	S00974_20190806_090003.wav	S00974_20190806_090003.wav	
49	Spectrogram 1	1	3517.762917869	3518.580908649	318.700	693.200	0.8180	-63.72	10.10	3517.7629	S00974_20190806_090003.wav	S00974_20190806_090003.wav	
50	Spectrogram 1	1	3520.278821669	3521.081939889	278.900	605.500	0.8031	-64.10	11.35	3520.2788	S00974_20190806_090003.wav	S00974_20190806_090003.wav	
51	Spectrogram 1	1	3523.074862879	3523.937471339	294.800	701.100	0.8626	-62.90	10.71	3523.0749	S00974_20190806_090003.wav	S00974_20190806_090003.wav	
52	Spectrogram 1	1	3525.878773909	3526.994215879	255.000	669.300	1.1154	-63.16	11.26	3525.8787	S00974_20190806_090003.wav	S00974_20190806_090003.wav	
53	Spectrogram 1	1	3528.942521189	3530.266178999	159.300	390.400	1.3237	-63.20	10.49	3528.9425	S00974_20190806_090003.wav	S00974_20190806_090003.wav	
54	Spectrogram 1	1	3532.494782179	3533.833312549	127.500	398.400	1.3385	-62.23	10.98	3532.4948	S00974_20190806_090003.wav	S00974_20190806_090003.wav	
55	Spectrogram 1	1	3536.011002369	3537.557748569	127.500	398.400	1.5467	-61.77	10.98	3536.0110	S00974_20190806_090003.wav	S00974_20190806_090003.wav	
56	Spectrogram 1	1	3559.822321659	3567.015599259	589.600	1381.600	7.1933	-61.24	11.25	3559.8223	S00974_20190806_090003.wav	S00974_20190806_090003.wav	
57	Spectrogram 1	1	3567.183863059	3571.853183659	748.900	1593.500	4.6693	-60.68	11.83	3567.1839	S00974_20190806_090003.wav	S00974_20190806_090003.wav	
58	Spectrogram 1	1	3572.240441759	3575.248157259	358.500	900.300	3.0077	-61.42	11.22	3572.2404	S00974_20190806_090003.wav	S00974_20190806_090003.wav	
59	Spectrogram 1	1	3577.963084680	3578.804403680	661.334	980.034	0.8413	-62.84	11.79	3577.9631	S00974_20190806_090003.wav	S00974_20190806_090003.wav	
60	Spectrogram 1	1	3579.905343418	3580.683563518	605.247	1043.447	0.7782	-59.86	14.20	3579.9053	S00974_20190806_090003.wav	S00974_20190806_090003.wav	
61	Spectrogram 1	1	3581.813265080	3582.465287380	609.870	1024.170	0.6520	-59.49	14.94	3581.8133	S00974_20190806_090003.wav	S00974_20190806_090003.wav	
62	Spectrogram 1	1	3583.518585914	3584.317839014	786.238	1096.938	0.7993	-62.93	12.00	3583.5186	S00974_20190806_090003.wav	S00974_20190806_090003.wav	
63	Spectrogram 1	1	3585.540035257	3586.381354357	736.526	1007.426	0.8413	-62.01	15.18	3585.5401	S00974_20190806_090003.wav	S00974_20190806_090003.wav	
64	Spectrogram 1	1	3589.406389459	3590.289774359	23.900	255.000	0.8834	-56.98	11.43	3589.4064	S00974_20190806_090003.wav	S00974_20190806_090003.wav	
65	Spectrogram 1	1	3591.951379459	3592.729599559	47.800	247.000	0.7782	-58.88	11.12	3591.9514	S00974_20190806_090003.wav	S00974_20190806_090003.wav	
66	Spectrogram 1	1	3594.286039759	3595.274589559	39.800	239.000	0.9885	-57.44	11.01	3594.2861	S00974_20190806_090003.wav	S00974_20190806_090003.wav	
67	Spectrogram 1	1	3596.831029759	3597.819579659	31.900	247.000	0.9885	-57.05	11.01	3596.8310	S00974_20190806_090003.wav	S00974_20190806_090003.wav	
68	Spectrogram 1	1	3599.288673559	3600.193091559	31.900	207.200	0.9044	-58.04	11.21	3599.2887	S00974_20190806_090003.wav	S00974_20190806_090003.wav	
69	Spectrogram 1	1	3603.920000000	3604.152349352	0.000	8000.000	0.2323	-33.54	15.78	3.5374	S00974_20190806_100004.wav	S00974_20190806_100004.wav	Phaser
70	Spectrogram 1	1	3606.961664249	3608.989440415	0.000	8000.000	2.0278	-33.54	16.90	6.5791	S00974_20190806_100004.wav	S00974_20190806_100004.wav	Upsweep
71	Spectrogram 1	1	3610.953848576	3613.095320689	0.000	8000.000	2.1415	-33.47	16.53	10.5713	S00974_20190806_100004.wav	S00974_20190806_100004.wav	Downsweep
72	Spectrogram 1	1	3615.981043659	3618.051065159	0.000	8000.000	2.0700	-33.47	16.96	15.5985	S00974_20190806_100004.wav	S00974_20190806_100004.wav	
73	Spectrogram 1	1	3619.933874169	3622.046141009	0.000	8000.000	2.1123	-33.48	16.56	19.5513	S00974_20190806_100004.wav	S00974_20190806_100004.wav	
74	Spectrogram 1	1	3624.939946579	3627.031090749	0.000	8000.000	2.0911	-33.46	16.95	24.5574	S00974_20190806_100004.wav	S00974_20190806_100004.wav	
75	Spectrogram 1	1	3628.974376239	3631.086643079	0.000	8000.000	2.1123	-33.42	16.91	28.5918	S00974_20190806_100004.wav	S00974_20190806_100004.wav	
76	Spectrogram 1	1	3632.977121899	3633.230593919	0.000	8000.000	0.2535	-33.43	16.78	32.5946	S00974_20190806_100004.wav	S00974_20190806_100004.wav	
77	Spectrogram 1	1	3642.306218779	3646.794901599	580.000	1080.800	4.4887	-59.71	13.59	41.9237	S00974_20190806_100004.wav	S00974_20190806_100004.wav	
78	Spectrogram 1	1	3657.702931729	3659.238338949	143.400	470.100	1.5354	-62.58	11.61	57.3204	S00974_20190806_100004.wav	S00974_20190806_100004.wav	
79	Spectrogram 1	1	3660.263701289	3661.294317089	159.300	709.100	1.0306	-60.72	11.04	59.8811	S00974_20190806_100004.wav	S00974_20190806_100004.wav	
80	Spectrogram 1	1	3646.839519279	3653.636279029	580.000	1526.500	6.7968	-60.88	11.40	46.4569	S00974_20190806_100004.wav	S00974_20190806_100004.wav	
81	Spectrogram 1	1	3662.538806709	3663.312179809	326.700	756.900	0.7734	-61.97	11.77	62.1562	S00974_20190806_100004.wav	S00974_20190806_100004.wav	
82	Spectrogram 1	1	3664.665582729	3665.647171669	294.800	669.300	0.9816	-61.49	11.19	64.2830	S00974_20190806_100004.wav	S00974_20190806_100004.wav	
83	Spectrogram 1	1	3667.193917869	3668.011908649	318.700	693.200	0.8180	-63.03	11.41	66.8114	S00974_20190806_100004.wav	S00974_20190806_100004.wav	
84	Spectrogram 1	1	3669.709821669	3670.512939889	278.900	605.500	0.8031	-63.03	11.17	69.3273	S00974_20190806_100004.wav	S00974_20190806_100004.wav	
85	Spectrogram 1	1	3672.505862879	3673.368471339	294.800	701.100	0.8626	-61.53	11.02	72.1233	S00974_20190806_100004.wav	S00974_20190806_100004.wav	
86	Spectrogram 1	1	3675.309773909	3676.425215879	255.000	669.300	1.1154	-62.46	11.02	74.9272	S00974_20190806_100004.wav	S00974_20190806_100004.wav	
87	Spectrogram 1	1	3678.373521189	3679.697178999	159.300	390.400	1.3237	-63.53	11.31	77.9909	S00974_20190806_100004.wav	S00974_20190806_100004.wav	
88	Spectrogram 1	1	3681.925782179	3683.264312549	127.500	398.400	1.3385	-62.52	11.83	81.5433	S00974_20190806_100004.wav	S00974_20190806_100004.wav	
89	Spectrogram 1	1	3685.442002369	3686.988748569	127.500	398.400	1.5467	-61.88	11.21	85.0594	S00974_20190806_100004.wav	S00974_20190806_100004.wav	
90	Spectrogram 1	1	3709.253321659	3716.446599259	589.600	1381.600	7.1933	-63.83	11.01	108.8708	S00974_20190806_100004.wav	S00974_20190806_100004.wav	
91	Spectrogram 1	1	3716.614863059	3721.284183659	748.900	1593.500	4.6693	-62.72	11.37	116.2323	S00974_20190806_100004.wav	S00974_20190806_100004.wav	
92	Spectrogram 1	1	3721.671441759	3724.679157259	358.500	900.300	3.0077	-63.61	10.94	121.2889	S00974_20190806_100004.wav	S00974_20190806_100004.wav	
93	Spectrogram 1	1	3727.394084680	3728.235403680	661.334	980.034	0.8413	-65.59	11.05	127.0115	S00974_20190806_100004.wav	S00974_20190806_100004.wav	
94	Spectrogram 1	1	3729.336343418	3730.114563518	605.247	1043.447	0.7782	-60.80	12.89	128.9538	S00974_20190806_100004.wav	S00974_20190806_100004.wav	
95	Spectrogram 1	1	3731.244265080	3731.896287380	609.870	1024.170	0.6520	-62.04	13.17	130.8617	S00974_20190806_100004.wav	S00974_20190806_100004.wav	
96	Spectrogram 1	1	3732.949585914	3733.748839014	786.238	1096.938	0.7993	-67.88	10.71	132.5670	S00974_20190806_100004.wav	S00974_20190806_100004.wav	
97	Spectrogram 1	1	3734.971035257	3735.812354357	736.526	1007.426	0.8413	-64.36	13.52	134.5885	S00974_20190806_100004.wav	S00974_20190806_100004.wav	
98	Spectrogram 1	1	3738.837389459	3739.720774359	23.900	255.000	0.8834	-56.11	11.74	138.4548	S00974_20190806_100004.wav	S00974_20190806_100004.wav	
99	Spectrogram 1	1	3741.382379459	3742.160599559	47.800	247.000	0.7782	-58.30	11.61	140.9998	S00974_20190806_100004.wav	S00974_20190806_100004.wav	
100	Spectrogram 1	1	3743.717039759	3744.705589559	39.800	239.000	0.9885	-57.84	11.04	143.3345	S00974_20190806_100004.wav	S00974_20190806_100004.wav	
101	Spectrogram 1	1	3746.262029759	3747.250579659	31.900	247.000	0.9885	-56.76	11.52	145.8794	S00974_20190806_100004.wav	S00974_20190806_100004.wav	
102	Spectrogram 1	1	3748.719673559	3749.624091559	31.900	207.200	0.9044	-57.60	10.96	148.3371	S00974_20190806_100004.wav	S00974_20190806_100004.wav	
