Selection	View	Channel	Begin Time (s)	End Time (s)	Low Freq (Hz)	High Freq (Hz)	Delta Time (s)	Inband Power (dB FS)	SNR NIST Quick (dB FS)	File Offset (s)	End File	Begin File	Sound Type
1	Spectrogram 1	1	1404.600000000	1404.832349352	0.000	8000.000	0.2323	-32.80	14.61	1404.6000	S00974_20190807_163027.wav	S00974_20190807_163027.wav	Phaser
2	Spectrogram 1	1	1407.641664249	1409.669440415	0.000	8000.000	2.0278	-32.77	14.95	1407.6417	S00974_20190807_163027.wav	S00974_20190807_163027.wav	Upsweep
3	Spectrogram 1	1	1411.633848576	1413.775320689	0.000	8000.000	2.1415	-32.82	14.65	1411.6338	S00974_20190807_163027.wav	S00974_20190807_163027.wav	Downsweep
4	Spectrogram 1	1	1416.661043659	1418.731065159	0.000	8000.000	2.0700	-32.79	15.04	1416.6610	S00974_20190807_163027.wav	S00974_20190807_163027.wav	
5	Spectrogram 1	1	1420.613874169	1422.726141009	0.000	8000.000	2.1123	-32.81	14.53	1420.6139	S00974_20190807_163027.wav	S00974_20190807_163027.wav	
6	Spectrogram 1	1	1425.619946579	1427.711090749	0.000	8000.000	2.0911	-32.79	14.82	1425.6199	S00974_20190807_163027.wav	S00974_20190807_163027.wav	
7	Spectrogram 1	1	1429.654376239	1431.766643079	0.000	8000.000	2.1123	-32.80	14.53	1429.6544	S00974_20190807_163027.wav	S00974_20190807_163027.wav	
8	Spectrogram 1	1	1433.657121899	1433.910593919	0.000	8000.000	0.2535	-32.67	14.56	1433.6571	S00974_20190807_163027.wav	S00974_20190807_163027.wav	
9	Spectrogram 1	1	1442.986218779	1447.474901599	580.000	1080.800	4.4887	-58.39	13.43	1442.9862	S00974_20190807_163027.wav	S00974_20190807_163027.wav	
10	Spectrogram 1	1	1458.382931729	1459.918338949	143.400	470.100	1.5354	-60.31	11.76	1458.3829	S00974_20190807_163027.wav	S00974_20190807_163027.wav	
11	Spectrogram 1	1	1460.943701289	1461.974317089	159.300	709.100	1.0306	-55.35	12.64	1460.9437	S00974_20190807_163027.wav	S00974_20190807_163027.wav	
12	Spectrogram 1	1	1447.519519279	1454.316279029	580.000	1526.500	6.7968	-62.05	11.32	1447.5195	S00974_20190807_163027.wav	S00974_20190807_163027.wav	
13	Spectrogram 1	1	1463.218806709	1463.992179809	326.700	756.900	0.7734	-55.94	13.86	1463.2188	S00974_20190807_163027.wav	S00974_20190807_163027.wav	
14	Spectrogram 1	1	1465.345582729	1466.327171669	294.800	669.300	0.9816	-53.66	14.05	1465.3456	S00974_20190807_163027.wav	S00974_20190807_163027.wav	
15	Spectrogram 1	1	1467.873917869	1468.691908649	318.700	693.200	0.8180	-57.15	14.39	1467.8739	S00974_20190807_163027.wav	S00974_20190807_163027.wav	
16	Spectrogram 1	1	1470.389821669	1471.192939889	278.900	605.500	0.8031	-57.65	12.46	1470.3898	S00974_20190807_163027.wav	S00974_20190807_163027.wav	
17	Spectrogram 1	1	1473.185862879	1474.048471339	294.800	701.100	0.8626	-54.23	15.91	1473.1859	S00974_20190807_163027.wav	S00974_20190807_163027.wav	
18	Spectrogram 1	1	1475.989773909	1477.105215879	255.000	669.300	1.1154	-59.28	11.88	1475.9898	S00974_20190807_163027.wav	S00974_20190807_163027.wav	
19	Spectrogram 1	1	1479.053521189	1480.377178999	159.300	390.400	1.3237	-61.32	11.94	1479.0535	S00974_20190807_163027.wav	S00974_20190807_163027.wav	
20	Spectrogram 1	1	1482.605782179	1483.944312549	127.500	398.400	1.3385	-60.73	11.54	1482.6058	S00974_20190807_163027.wav	S00974_20190807_163027.wav	
21	Spectrogram 1	1	1486.122002369	1487.668748569	127.500	398.400	1.5467	-61.44	11.60	1486.1220	S00974_20190807_163027.wav	S00974_20190807_163027.wav	
22	Spectrogram 1	1	1509.933321659	1517.126599259	589.600	1381.600	7.1933	-62.95	11.07	1509.9333	S00974_20190807_163027.wav	S00974_20190807_163027.wav	
23	Spectrogram 1	1	1517.294863059	1521.964183659	748.900	1593.500	4.6693	-63.36	11.14	1517.2949	S00974_20190807_163027.wav	S00974_20190807_163027.wav	
24	Spectrogram 1	1	1522.351441759	1525.359157259	358.500	900.300	3.0077	-60.95	11.35	1522.3514	S00974_20190807_163027.wav	S00974_20190807_163027.wav	
25	Spectrogram 1	1	1528.074084680	1528.915403680	661.334	980.034	0.8413	-63.18	10.33	1528.0741	S00974_20190807_163027.wav	S00974_20190807_163027.wav	
26	Spectrogram 1	1	1530.016343418	1530.794563518	605.247	1043.447	0.7782	-60.57	13.96	1530.0163	S00974_20190807_163027.wav	S00974_20190807_163027.wav	
27	Spectrogram 1	1	1531.924265080	1532.576287380	609.870	1024.170	0.6520	-61.09	12.90	1531.9243	S00974_20190807_163027.wav	S00974_20190807_163027.wav	
28	Spectrogram 1	1	1533.629585914	1534.428839014	786.238	1096.938	0.7993	-67.68	11.29	1533.6296	S00974_20190807_163027.wav	S00974_20190807_163027.wav	
29	Spectrogram 1	1	1535.651035257	1536.492354357	736.526	1007.426	0.8413	-63.31	13.12	1535.6510	S00974_20190807_163027.wav	S00974_20190807_163027.wav	
30	Spectrogram 1	1	1539.517389459	1540.400774359	23.900	255.000	0.8834	-54.42	13.11	1539.5174	S00974_20190807_163027.wav	S00974_20190807_163027.wav	
31	Spectrogram 1	1	1542.062379459	1542.840599559	47.800	247.000	0.7782	-55.33	13.64	1542.0624	S00974_20190807_163027.wav	S00974_20190807_163027.wav	
32	Spectrogram 1	1	1544.397039759	1545.385589559	39.800	239.000	0.9885	-54.16	14.12	1544.3970	S00974_20190807_163027.wav	S00974_20190807_163027.wav	
33	Spectrogram 1	1	1546.942029759	1547.930579659	31.900	247.000	0.9885	-53.84	14.12	1546.9420	S00974_20190807_163027.wav	S00974_20190807_163027.wav	
34	Spectrogram 1	1	1549.399673559	1550.304091559	31.900	207.200	0.9044	-55.70	12.70	1549.3997	S00974_20190807_163027.wav	S00974_20190807_163027.wav	
35	Spectrogram 1	1	1554.069000000	1554.301349352	0.000	8000.000	0.2323	-32.77	14.54	1554.0690	S00974_20190807_163027.wav	S00974_20190807_163027.wav	Phaser
36	Spectrogram 1	1	1557.110664249	1559.138440415	0.000	8000.000	2.0278	-32.81	14.75	1557.1107	S00974_20190807_163027.wav	S00974_20190807_163027.wav	Upsweep
37	Spectrogram 1	1	1561.102848576	1563.244320689	0.000	8000.000	2.1415	-32.81	14.37	1561.1028	S00974_20190807_163027.wav	S00974_20190807_163027.wav	Downsweep
38	Spectrogram 1	1	1566.130043659	1568.200065159	0.000	8000.000	2.0700	-32.79	14.81	1566.1300	S00974_20190807_163027.wav	S00974_20190807_163027.wav	
39	Spectrogram 1	1	1570.082874169	1572.195141009	0.000	8000.000	2.1123	-32.79	14.54	1570.0829	S00974_20190807_163027.wav	S00974_20190807_163027.wav	
40	Spectrogram 1	1	1575.088946579	1577.180090749	0.000	8000.000	2.0911	-32.80	14.83	1575.0889	S00974_20190807_163027.wav	S00974_20190807_163027.wav	
41	Spectrogram 1	1	1579.123376239	1581.235643079	0.000	8000.000	2.1123	-32.81	14.50	1579.1234	S00974_20190807_163027.wav	S00974_20190807_163027.wav	
42	Spectrogram 1	1	1583.126121899	1583.379593919	0.000	8000.000	0.2535	-32.75	15.04	1583.1261	S00974_20190807_163027.wav	S00974_20190807_163027.wav	
43	Spectrogram 1	1	1592.455218779	1596.943901599	580.000	1080.800	4.4887	-58.50	13.11	1592.4552	S00974_20190807_163027.wav	S00974_20190807_163027.wav	
44	Spectrogram 1	1	1607.851931729	1609.387338949	143.400	470.100	1.5354	-60.43	12.03	1607.8519	S00974_20190807_163027.wav	S00974_20190807_163027.wav	
45	Spectrogram 1	1	1610.412701289	1611.443317089	159.300	709.100	1.0306	-56.11	12.38	1610.4127	S00974_20190807_163027.wav	S00974_20190807_163027.wav	
46	Spectrogram 1	1	1596.988519279	1603.785279029	580.000	1526.500	6.7968	-62.11	11.36	1596.9885	S00974_20190807_163027.wav	S00974_20190807_163027.wav	
47	Spectrogram 1	1	1612.687806709	1613.461179809	326.700	756.900	0.7734	-56.02	14.87	1612.6878	S00974_20190807_163027.wav	S00974_20190807_163027.wav	
48	Spectrogram 1	1	1614.814582729	1615.796171669	294.800	669.300	0.9816	-54.25	14.44	1614.8146	S00974_20190807_163027.wav	S00974_20190807_163027.wav	
49	Spectrogram 1	1	1617.342917869	1618.160908649	318.700	693.200	0.8180	-57.51	14.87	1617.3429	S00974_20190807_163027.wav	S00974_20190807_163027.wav	
50	Spectrogram 1	1	1619.858821669	1620.661939889	278.900	605.500	0.8031	-57.81	12.67	1619.8588	S00974_20190807_163027.wav	S00974_20190807_163027.wav	
51	Spectrogram 1	1	1622.654862879	1623.517471339	294.800	701.100	0.8626	-54.57	15.12	1622.6549	S00974_20190807_163027.wav	S00974_20190807_163027.wav	
52	Spectrogram 1	1	1625.458773909	1626.574215879	255.000	669.300	1.1154	-59.48	12.78	1625.4588	S00974_20190807_163027.wav	S00974_20190807_163027.wav	
53	Spectrogram 1	1	1628.522521189	1629.846178999	159.300	390.400	1.3237	-61.19	11.22	1628.5225	S00974_20190807_163027.wav	S00974_20190807_163027.wav	
54	Spectrogram 1	1	1632.074782179	1633.413312549	127.500	398.400	1.3385	-60.66	11.14	1632.0748	S00974_20190807_163027.wav	S00974_20190807_163027.wav	
55	Spectrogram 1	1	1635.591002369	1637.137748569	127.500	398.400	1.5467	-61.47	11.16	1635.5910	S00974_20190807_163027.wav	S00974_20190807_163027.wav	
56	Spectrogram 1	1	1659.402321659	1666.595599259	589.600	1381.600	7.1933	-63.21	10.90	1659.4023	S00974_20190807_163027.wav	S00974_20190807_163027.wav	
57	Spectrogram 1	1	1666.763863059	1671.433183659	748.900	1593.500	4.6693	-63.43	11.10	1666.7639	S00974_20190807_163027.wav	S00974_20190807_163027.wav	
58	Spectrogram 1	1	1671.820441759	1674.828157259	358.500	900.300	3.0077	-61.27	10.73	1671.8204	S00974_20190807_163027.wav	S00974_20190807_163027.wav	
59	Spectrogram 1	1	1677.543084680	1678.384403680	661.334	980.034	0.8413	-63.48	11.09	1677.5431	S00974_20190807_163027.wav	S00974_20190807_163027.wav	
60	Spectrogram 1	1	1679.485343418	1680.263563518	605.247	1043.447	0.7782	-60.94	14.66	1679.4853	S00974_20190807_163027.wav	S00974_20190807_163027.wav	
61	Spectrogram 1	1	1681.393265080	1682.045287380	609.870	1024.170	0.6520	-61.38	13.62	1681.3933	S00974_20190807_163027.wav	S00974_20190807_163027.wav	
62	Spectrogram 1	1	1683.098585914	1683.897839014	786.238	1096.938	0.7993	-67.30	11.18	1683.0986	S00974_20190807_163027.wav	S00974_20190807_163027.wav	
63	Spectrogram 1	1	1685.120035257	1685.961354357	736.526	1007.426	0.8413	-63.89	13.41	1685.1200	S00974_20190807_163027.wav	S00974_20190807_163027.wav	
64	Spectrogram 1	1	1688.986389459	1689.869774359	23.900	255.000	0.8834	-53.85	13.76	1688.9864	S00974_20190807_163027.wav	S00974_20190807_163027.wav	
65	Spectrogram 1	1	1691.531379459	1692.309599559	47.800	247.000	0.7782	-55.59	13.46	1691.5314	S00974_20190807_163027.wav	S00974_20190807_163027.wav	
66	Spectrogram 1	1	1693.866039759	1694.854589559	39.800	239.000	0.9885	-54.53	13.75	1693.8660	S00974_20190807_163027.wav	S00974_20190807_163027.wav	
67	Spectrogram 1	1	1696.411029759	1697.399579659	31.900	247.000	0.9885	-53.59	13.33	1696.4110	S00974_20190807_163027.wav	S00974_20190807_163027.wav	
68	Spectrogram 1	1	1698.868673559	1699.773091559	31.900	207.200	0.9044	-55.45	12.64	1698.8687	S00974_20190807_163027.wav	S00974_20190807_163027.wav	
69	Spectrogram 1	1	1703.500000000	1703.732349352	0.000	8000.000	0.2323	-32.75	14.80	1703.5000	S00974_20190807_163027.wav	S00974_20190807_163027.wav	Phaser
70	Spectrogram 1	1	1706.541664249	1708.569440415	0.000	8000.000	2.0278	-32.81	14.91	1706.5417	S00974_20190807_163027.wav	S00974_20190807_163027.wav	Upsweep
71	Spectrogram 1	1	1710.533848576	1712.675320689	0.000	8000.000	2.1415	-32.80	14.49	1710.5338	S00974_20190807_163027.wav	S00974_20190807_163027.wav	Downsweep
72	Spectrogram 1	1	1715.561043659	1717.631065159	0.000	8000.000	2.0700	-32.80	14.89	1715.5610	S00974_20190807_163027.wav	S00974_20190807_163027.wav	
73	Spectrogram 1	1	1719.513874169	1721.626141009	0.000	8000.000	2.1123	-32.80	14.41	1719.5139	S00974_20190807_163027.wav	S00974_20190807_163027.wav	
74	Spectrogram 1	1	1724.519946579	1726.611090749	0.000	8000.000	2.0911	-32.80	15.33	1724.5199	S00974_20190807_163027.wav	S00974_20190807_163027.wav	
75	Spectrogram 1	1	1728.554376239	1730.666643079	0.000	8000.000	2.1123	-32.83	14.44	1728.5544	S00974_20190807_163027.wav	S00974_20190807_163027.wav	
76	Spectrogram 1	1	1732.557121899	1732.810593919	0.000	8000.000	0.2535	-32.73	15.18	1732.5571	S00974_20190807_163027.wav	S00974_20190807_163027.wav	
77	Spectrogram 1	1	1741.886218779	1746.374901599	580.000	1080.800	4.4887	-59.20	13.00	1741.8862	S00974_20190807_163027.wav	S00974_20190807_163027.wav	
78	Spectrogram 1	1	1757.282931729	1758.818338949	143.400	470.100	1.5354	-60.33	11.60	1757.2829	S00974_20190807_163027.wav	S00974_20190807_163027.wav	
79	Spectrogram 1	1	1759.843701289	1760.874317089	159.300	709.100	1.0306	-55.90	12.66	1759.8437	S00974_20190807_163027.wav	S00974_20190807_163027.wav	
80	Spectrogram 1	1	1746.419519279	1753.216279029	580.000	1526.500	6.7968	-62.37	11.32	1746.4195	S00974_20190807_163027.wav	S00974_20190807_163027.wav	
81	Spectrogram 1	1	1762.118806709	1762.892179809	326.700	756.900	0.7734	-56.63	14.68	1762.1188	S00974_20190807_163027.wav	S00974_20190807_163027.wav	
82	Spectrogram 1	1	1764.245582729	1765.227171669	294.800	669.300	0.9816	-54.59	13.85	1764.2456	S00974_20190807_163027.wav	S00974_20190807_163027.wav	
83	Spectrogram 1	1	1766.773917869	1767.591908649	318.700	693.200	0.8180	-58.42	13.26	1766.7739	S00974_20190807_163027.wav	S00974_20190807_163027.wav	
84	Spectrogram 1	1	1769.289821669	1770.092939889	278.900	605.500	0.8031	-58.37	13.02	1769.2898	S00974_20190807_163027.wav	S00974_20190807_163027.wav	
85	Spectrogram 1	1	1772.085862879	1772.948471339	294.800	701.100	0.8626	-55.25	14.63	1772.0859	S00974_20190807_163027.wav	S00974_20190807_163027.wav	
86	Spectrogram 1	1	1774.889773909	1776.005215879	255.000	669.300	1.1154	-59.95	12.85	1774.8898	S00974_20190807_163027.wav	S00974_20190807_163027.wav	
87	Spectrogram 1	1	1777.953521189	1779.277178999	159.300	390.400	1.3237	-61.12	12.38	1777.9535	S00974_20190807_163027.wav	S00974_20190807_163027.wav	
88	Spectrogram 1	1	1781.505782179	1782.844312549	127.500	398.400	1.3385	-60.64	11.78	1781.5058	S00974_20190807_163027.wav	S00974_20190807_163027.wav	
89	Spectrogram 1	1	1785.022002369	1786.568748569	127.500	398.400	1.5467	-61.75	11.58	1785.0220	S00974_20190807_163027.wav	S00974_20190807_163027.wav	
90	Spectrogram 1	1	1808.833321659	1816.026599259	589.600	1381.600	7.1933	-63.19	11.09	1808.8333	S00974_20190807_163027.wav	S00974_20190807_163027.wav	
91	Spectrogram 1	1	1816.194863059	1820.864183659	748.900	1593.500	4.6693	-63.59	11.03	1816.1949	S00974_20190807_163027.wav	S00974_20190807_163027.wav	
92	Spectrogram 1	1	1821.251441759	1824.259157259	358.500	900.300	3.0077	-61.14	10.97	1821.2514	S00974_20190807_163027.wav	S00974_20190807_163027.wav	
93	Spectrogram 1	1	1826.974084680	1827.815403680	661.334	980.034	0.8413	-63.82	11.47	1826.9741	S00974_20190807_163027.wav	S00974_20190807_163027.wav	
94	Spectrogram 1	1	1828.916343418	1829.694563518	605.247	1043.447	0.7782	-60.99	13.31	1828.9163	S00974_20190807_163027.wav	S00974_20190807_163027.wav	
95	Spectrogram 1	1	1830.824265080	1831.476287380	609.870	1024.170	0.6520	-61.28	12.11	1830.8243	S00974_20190807_163027.wav	S00974_20190807_163027.wav	
96	Spectrogram 1	1	1832.529585914	1833.328839014	786.238	1096.938	0.7993	-67.47	11.44	1832.5296	S00974_20190807_163027.wav	S00974_20190807_163027.wav	
97	Spectrogram 1	1	1834.551035257	1835.392354357	736.526	1007.426	0.8413	-64.05	12.74	1834.5510	S00974_20190807_163027.wav	S00974_20190807_163027.wav	
98	Spectrogram 1	1	1838.417389459	1839.300774359	23.900	255.000	0.8834	-53.69	14.43	1838.4174	S00974_20190807_163027.wav	S00974_20190807_163027.wav	
99	Spectrogram 1	1	1840.962379459	1841.740599559	47.800	247.000	0.7782	-54.90	11.56	1840.9624	S00974_20190807_163027.wav	S00974_20190807_163027.wav	
100	Spectrogram 1	1	1843.297039759	1844.285589559	39.800	239.000	0.9885	-54.13	13.76	1843.2970	S00974_20190807_163027.wav	S00974_20190807_163027.wav	
101	Spectrogram 1	1	1845.842029759	1846.830579659	31.900	247.000	0.9885	-53.22	13.15	1845.8420	S00974_20190807_163027.wav	S00974_20190807_163027.wav	
102	Spectrogram 1	1	1848.299673559	1849.204091559	31.900	207.200	0.9044	-55.34	13.76	1848.2997	S00974_20190807_163027.wav	S00974_20190807_163027.wav	
