Selection	View	Channel	Begin Time (s)	End Time (s)	Low Freq (Hz)	High Freq (Hz)	Delta Time (s)	Inband Power (dB FS)	SNR NIST Quick (dB FS)	Sound Type
1	Spectrogram 1	1	1134.170000000	1134.402349352	0.000	8000.000	0.2323	-34.68	18.08	Phaser
2	Spectrogram 1	1	1137.211664249	1139.239440415	0.000	8000.000	2.0278	-34.47	16.78	Upsweep
3	Spectrogram 1	1	1141.203848576	1143.345320689	0.000	8000.000	2.1415	-34.49	15.42	Downsweep
4	Spectrogram 1	1	1146.231043659	1148.301065159	0.000	8000.000	2.0700	-34.51	17.00	
5	Spectrogram 1	1	1150.183874169	1152.296141009	0.000	8000.000	2.1123	-34.50	15.75	
6	Spectrogram 1	1	1155.189946579	1157.281090749	0.000	8000.000	2.0911	-34.43	17.84	
7	Spectrogram 1	1	1159.224376239	1161.336643079	0.000	8000.000	2.1123	-34.48	16.96	
8	Spectrogram 1	1	1163.227121899	1163.480593919	0.000	8000.000	0.2535	-34.68	17.75	
9	Spectrogram 1	1	1172.556218779	1177.044901599	580.000	1080.800	4.4887	-51.20	21.12	
10	Spectrogram 1	1	1187.952931729	1189.488338949	143.400	470.100	1.5354	-56.09	12.21	
11	Spectrogram 1	1	1190.513701289	1191.544317089	159.300	709.100	1.0306	-45.29	15.72	
12	Spectrogram 1	1	1177.089519279	1183.886279029	580.000	1526.500	6.7968	-54.63	15.06	
13	Spectrogram 1	1	1192.788806709	1193.562179809	326.700	756.900	0.7734	-44.78	23.73	
14	Spectrogram 1	1	1194.915582729	1195.897171669	294.800	669.300	0.9816	-42.82	21.63	
15	Spectrogram 1	1	1197.443917869	1198.261908649	318.700	693.200	0.8180	-46.84	22.72	
16	Spectrogram 1	1	1199.959821669	1200.762939889	278.900	605.500	0.8031	-46.57	19.55	
17	Spectrogram 1	1	1202.755862879	1203.618471339	294.800	701.100	0.8626	-43.95	24.33	
18	Spectrogram 1	1	1205.559773909	1206.675215879	255.000	669.300	1.1154	-48.69	19.26	
19	Spectrogram 1	1	1208.623521189	1209.947178999	159.300	390.400	1.3237	-54.81	13.00	
20	Spectrogram 1	1	1212.175782179	1213.514312549	127.500	398.400	1.3385	-55.83	13.61	
21	Spectrogram 1	1	1215.692002369	1217.238748569	127.500	398.400	1.5467	-57.68	12.53	
22	Spectrogram 1	1	1239.503321659	1246.696599259	589.600	1381.600	7.1933	-54.77	11.83	
23	Spectrogram 1	1	1246.864863059	1251.534183659	748.900	1593.500	4.6693	-54.21	16.33	
24	Spectrogram 1	1	1251.921441759	1254.929157259	358.500	900.300	3.0077	-51.69	11.49	
25	Spectrogram 1	1	1257.644084680	1258.485403680	661.334	980.034	0.8413	-53.76	16.56	
26	Spectrogram 1	1	1259.586343418	1260.364563518	605.247	1043.447	0.7782	-50.47	22.24	
27	Spectrogram 1	1	1261.494265080	1262.146287380	609.870	1024.170	0.6520	-49.56	24.05	
28	Spectrogram 1	1	1263.199585914	1263.998839014	786.238	1096.938	0.7993	-61.10	15.61	
29	Spectrogram 1	1	1265.221035257	1266.062354357	736.526	1007.426	0.8413	-54.46	21.54	
30	Spectrogram 1	1	1269.087389459	1269.970774359	23.900	255.000	0.8834	-47.64	15.35	
31	Spectrogram 1	1	1271.632379459	1272.410599559	47.800	247.000	0.7782	-48.12	16.80	
32	Spectrogram 1	1	1273.967039759	1274.955589559	39.800	239.000	0.9885	-46.82	15.18	
33	Spectrogram 1	1	1276.512029759	1277.500579659	31.900	247.000	0.9885	-46.42	16.39	
34	Spectrogram 1	1	1278.969673559	1279.874091559	31.900	207.200	0.9044	-48.88	14.91	
35	Spectrogram 1	1	1283.639000000	1283.871349352	0.000	8000.000	0.2323	-34.81	19.22	Phaser
36	Spectrogram 1	1	1286.680664249	1288.708440415	0.000	8000.000	2.0278	-34.46	17.61	Upsweep
37	Spectrogram 1	1	1290.672848576	1292.814320689	0.000	8000.000	2.1415	-34.48	16.29	Downsweep
38	Spectrogram 1	1	1295.700043659	1297.770065159	0.000	8000.000	2.0700	-34.50	17.16	
39	Spectrogram 1	1	1299.652874169	1301.765141009	0.000	8000.000	2.1123	-34.49	15.73	
40	Spectrogram 1	1	1304.658946579	1306.750090749	0.000	8000.000	2.0911	-34.49	17.41	
41	Spectrogram 1	1	1308.693376239	1310.805643079	0.000	8000.000	2.1123	-34.52	15.92	
42	Spectrogram 1	1	1312.696121899	1312.949593919	0.000	8000.000	0.2535	-34.65	18.60	
43	Spectrogram 1	1	1322.025218779	1326.513901599	580.000	1080.800	4.4887	-51.04	20.99	
44	Spectrogram 1	1	1337.421931729	1338.957338949	143.400	470.100	1.5354	-56.24	12.07	
45	Spectrogram 1	1	1339.982701289	1341.013317089	159.300	709.100	1.0306	-45.10	16.80	
46	Spectrogram 1	1	1326.558519279	1333.355279029	580.000	1526.500	6.7968	-54.75	14.96	
47	Spectrogram 1	1	1342.257806709	1343.031179809	326.700	756.900	0.7734	-44.46	23.19	
48	Spectrogram 1	1	1344.384582729	1345.366171669	294.800	669.300	0.9816	-42.78	21.15	
49	Spectrogram 1	1	1346.912917869	1347.730908649	318.700	693.200	0.8180	-46.73	21.90	
50	Spectrogram 1	1	1349.428821669	1350.231939889	278.900	605.500	0.8031	-46.39	19.68	
51	Spectrogram 1	1	1352.224862879	1353.087471339	294.800	701.100	0.8626	-43.64	23.94	
52	Spectrogram 1	1	1355.028773909	1356.144215879	255.000	669.300	1.1154	-48.49	19.47	
53	Spectrogram 1	1	1358.092521189	1359.416178999	159.300	390.400	1.3237	-54.73	13.66	
54	Spectrogram 1	1	1361.644782179	1362.983312549	127.500	398.400	1.3385	-55.64	12.92	
55	Spectrogram 1	1	1365.161002369	1366.707748569	127.500	398.400	1.5467	-57.68	12.65	
56	Spectrogram 1	1	1388.972321659	1396.165599259	589.600	1381.600	7.1933	-54.49	12.07	
57	Spectrogram 1	1	1396.333863059	1401.003183659	748.900	1593.500	4.6693	-54.23	16.50	
58	Spectrogram 1	1	1401.390441759	1404.398157259	358.500	900.300	3.0077	-51.54	11.45	
59	Spectrogram 1	1	1407.113084680	1407.954403680	661.334	980.034	0.8413	-53.39	15.71	
60	Spectrogram 1	1	1409.055343418	1409.833563518	605.247	1043.447	0.7782	-50.57	21.67	
61	Spectrogram 1	1	1410.963265080	1411.615287380	609.870	1024.170	0.6520	-49.55	22.69	
62	Spectrogram 1	1	1412.668585914	1413.467839014	786.238	1096.938	0.7993	-61.00	16.63	
63	Spectrogram 1	1	1414.690035257	1415.531354357	736.526	1007.426	0.8413	-54.47	21.36	
64	Spectrogram 1	1	1418.556389459	1419.439774359	23.900	255.000	0.8834	-47.74	15.94	
65	Spectrogram 1	1	1421.101379459	1421.879599559	47.800	247.000	0.7782	-48.26	15.28	
66	Spectrogram 1	1	1423.436039759	1424.424589559	39.800	239.000	0.9885	-46.91	15.72	
67	Spectrogram 1	1	1425.981029759	1426.969579659	31.900	247.000	0.9885	-46.76	15.76	
68	Spectrogram 1	1	1428.438673559	1429.343091559	31.900	207.200	0.9044	-49.11	15.66	
69	Spectrogram 1	1	1433.070000000	1433.302349352	0.000	8000.000	0.2323	-34.87	18.95	Phaser
70	Spectrogram 1	1	1436.111664249	1438.139440415	0.000	8000.000	2.0278	-34.45	17.58	Upsweep
71	Spectrogram 1	1	1440.103848576	1442.245320689	0.000	8000.000	2.1415	-34.48	15.94	Downsweep
72	Spectrogram 1	1	1445.131043659	1447.201065159	0.000	8000.000	2.0700	-34.50	16.52	
73	Spectrogram 1	1	1449.083874169	1451.196141009	0.000	8000.000	2.1123	-34.50	15.24	
74	Spectrogram 1	1	1454.089946579	1456.181090749	0.000	8000.000	2.0911	-34.51	16.31	
75	Spectrogram 1	1	1458.124376239	1460.236643079	0.000	8000.000	2.1123	-34.50	16.06	
76	Spectrogram 1	1	1462.127121899	1462.380593919	0.000	8000.000	0.2535	-34.65	18.15	
77	Spectrogram 1	1	1471.456218779	1475.944901599	580.000	1080.800	4.4887	-51.15	20.89	
78	Spectrogram 1	1	1486.852931729	1488.388338949	143.400	470.100	1.5354	-55.96	12.78	
79	Spectrogram 1	1	1489.413701289	1490.444317089	159.300	709.100	1.0306	-45.02	17.36	
80	Spectrogram 1	1	1475.989519279	1482.786279029	580.000	1526.500	6.7968	-54.68	15.08	
81	Spectrogram 1	1	1491.688806709	1492.462179809	326.700	756.900	0.7734	-44.40	22.75	
82	Spectrogram 1	1	1493.815582729	1494.797171669	294.800	669.300	0.9816	-42.80	21.27	
83	Spectrogram 1	1	1496.343917869	1497.161908649	318.700	693.200	0.8180	-46.63	22.17	
84	Spectrogram 1	1	1498.859821669	1499.662939889	278.900	605.500	0.8031	-46.30	20.07	
85	Spectrogram 1	1	1501.655862879	1502.518471339	294.800	701.100	0.8626	-43.57	23.73	
86	Spectrogram 1	1	1504.459773909	1505.575215879	255.000	669.300	1.1154	-48.40	19.12	
87	Spectrogram 1	1	1507.523521189	1508.847178999	159.300	390.400	1.3237	-54.60	14.09	
88	Spectrogram 1	1	1511.075782179	1512.414312549	127.500	398.400	1.3385	-55.53	13.11	
89	Spectrogram 1	1	1514.592002369	1516.138748569	127.500	398.400	1.5467	-57.73	12.40	
90	Spectrogram 1	1	1538.403321659	1545.596599259	589.600	1381.600	7.1933	-54.34	11.93	
91	Spectrogram 1	1	1545.764863059	1550.434183659	748.900	1593.500	4.6693	-54.13	16.56	
92	Spectrogram 1	1	1550.821441759	1553.829157259	358.500	900.300	3.0077	-51.63	11.51	
93	Spectrogram 1	1	1556.544084680	1557.385403680	661.334	980.034	0.8413	-53.34	16.74	
94	Spectrogram 1	1	1558.486343418	1559.264563518	605.247	1043.447	0.7782	-50.54	22.18	
95	Spectrogram 1	1	1560.394265080	1561.046287380	609.870	1024.170	0.6520	-49.48	23.62	
96	Spectrogram 1	1	1562.099585914	1562.898839014	786.238	1096.938	0.7993	-61.15	17.08	
97	Spectrogram 1	1	1564.121035257	1564.962354357	736.526	1007.426	0.8413	-54.56	22.38	
98	Spectrogram 1	1	1567.987389459	1568.870774359	23.900	255.000	0.8834	-47.61	15.43	
99	Spectrogram 1	1	1570.532379459	1571.310599559	47.800	247.000	0.7782	-48.17	15.80	
100	Spectrogram 1	1	1572.867039759	1573.855589559	39.800	239.000	0.9885	-46.84	15.58	
101	Spectrogram 1	1	1575.412029759	1576.400579659	31.900	247.000	0.9885	-46.66	16.25	
102	Spectrogram 1	1	1577.869673559	1578.774091559	31.900	207.200	0.9044	-48.94	14.92	
